Indexed mesh of 603 triangles 
Vertex Count: 980
Index Count: 1809
Material Count: 4
Texture Count: 4
Scale in meters: 1
Has transparencies: 0

Texture 0: models\iss_parts\textures\ISSBS.BMP
Texture 1: models\iss_parts\textures\ISSDISH.BMP
Texture 2: models\iss_parts\textures\ISSMOD.BMP
Texture 3: models\iss_parts\textures\ISSPANEL.BMP

Group name: iss_issdis.003
Material name: issdish_with_Tex
Material Start: 0
Material Size: 1296
Material Filename: 1
Light Map: 0
Ilumination: 0
Diffuse color: 1 1 1
Specular power: 88.2353
Transparency: 1

Group name: iss_issdis.003
Material name: issbs_with_Tex:
Material Start: 1296
Material Size: 36
Material Filename: 0
Light Map: 0
Ilumination: 0
Diffuse color: 1 1 1
Specular power: 88.2353
Transparency: 1

Group name: iss_issdis.003
Material name: issmod_with_Tex:
Material Start: 1332
Material Size: 387
Material Filename: 2
Light Map: 0
Ilumination: 0
Diffuse color: 1 1 1
Specular power: 88.2353
Transparency: 1

Group name: iss_issdis.003
Material name: isspanel_with_Te
Material Start: 1719
Material Size: 90
Material Filename: 3
Light Map: 0
Ilumination: 0
Diffuse color: 1 1 1
Specular power: 88.2353
Transparency: 1

Vertex format {	3Dvector POSITION; 2Dvector TEXTURE; 3Dvector NORMAL }

Vertices:

0.010538 0.779331 -0.489742 2.205022 1.000000 0.019823 0.507511 -0.861417
0.009134 0.764938 -0.497928 2.241698 1.007295 -0.149323 0.499757 -0.853197
-0.179210 0.764637 -0.465140 2.073851 1.851120 -0.149323 0.499757 -0.853197
-0.176358 0.764647 -0.448769 2.000498 1.836529 0.001639 -0.999999 0.000264
-0.179210 0.764637 -0.465140 2.073851 1.851120 0.001639 -0.999999 0.000264
0.009134 0.764938 -0.497928 2.241698 1.007295 0.001639 -0.999999 0.000264
0.011987 0.764946 -0.481556 2.168345 0.992705 0.001639 -0.999999 0.000264
0.010556 0.769741 -0.489742 2.205022 1.000000 0.985157 0.001521 -0.171650
0.009134 0.764938 -0.497928 2.241698 1.007295 0.985108 0.001356 -0.171931
0.010538 0.779331 -0.489742 2.205022 1.000000 0.985156 0.001849 -0.171650
0.011987 0.764946 -0.481556 2.168345 0.992705 0.985206 0.001356 -0.171370
0.014892 -0.817631 -0.497857 2.241698 0.992705 0.188468 0.500381 -0.845044
0.013055 -0.803238 -0.489742 2.205022 1.000000 -0.037207 0.506610 -0.861372
0.199606 -0.802946 -0.447965 2.037174 0.156175 0.295222 0.507029 -0.809793
0.201443 -0.817331 -0.456071 2.073851 0.148879 0.188490 0.500285 -0.845096
0.011254 -0.817631 -0.481635 2.168345 1.007295 0.001565 -0.999999 0.000089
0.014892 -0.817631 -0.497857 2.241698 0.992705 0.001531 -0.999999 0.000343
0.201443 -0.817331 -0.456071 2.073851 0.148879 0.001565 -0.999999 0.000089
0.197814 -0.817340 -0.439858 2.000498 0.163470 0.001600 -0.999999 -0.000166
0.013055 -0.803238 -0.489742 2.205022 1.000000 -0.021444 0.507189 0.861568
0.011254 -0.817631 -0.481635 2.168345 1.007295 -0.190020 0.499736 0.845078
0.197814 -0.817340 -0.439858 2.000498 0.163470 -0.190020 0.499736 0.845078
0.199606 -0.802946 -0.447965 2.037174 0.156175 -0.401215 0.505730 0.763717
0.199615 -0.812536 -0.447965 2.037174 0.156175 0.975844 0.001512 0.218463
0.201443 -0.817331 -0.456071 2.073851 0.148879 0.975730 0.001811 0.218968
0.199606 -0.802946 -0.447965 2.037174 0.156175 0.975845 0.000916 0.218463
0.197814 -0.817340 -0.439858 2.000498 0.163470 0.975956 0.001811 0.217959
0.013064 -0.812836 -0.489742 2.205022 1.000000 -0.975763 -0.001118 -0.218828
0.013055 -0.803238 -0.489742 2.205022 1.000000 -0.975763 -0.000864 -0.218828
0.014892 -0.817631 -0.497857 2.241698 0.992705 -0.975715 -0.001245 -0.219042
0.011254 -0.817631 -0.481635 2.168345 1.007295 -0.975811 -0.001245 -0.218613
0.204410 -0.817331 -0.454765 2.068267 0.135399 0.497422 0.500909 -0.708281
0.355966 -0.802690 -0.337973 1.559186 -0.559186 0.623011 0.508262 -0.594582
0.360770 -0.817075 -0.344772 1.590279 -0.579961 0.497417 0.500922 -0.708275
0.194847 -0.817340 -0.441175 2.006082 0.176950 0.001536 -0.999999 0.000106
0.204410 -0.817331 -0.454765 2.068267 0.135399 0.001392 -0.999999 0.000354
0.360770 -0.817075 -0.344772 1.590279 -0.579961 0.001536 -0.999999 0.000106
0.351206 -0.817093 -0.331182 1.528093 -0.538410 0.001680 -0.999999 -0.000142
0.194847 -0.817340 -0.441175 2.006082 0.176950 -0.499066 0.499199 0.708331
0.351206 -0.817093 -0.331182 1.528093 -0.538410 -0.499115 0.499082 0.708379
0.355966 -0.802690 -0.337973 1.559186 -0.559186 -0.663060 0.505179 0.552399
0.355984 -0.812288 -0.337973 1.559186 -0.559186 0.817801 0.001084 0.575501
0.360770 -0.817075 -0.344772 1.590279 -0.579961 0.818025 0.000860 0.575182
0.355966 -0.802690 -0.337973 1.559186 -0.559186 0.817800 0.001534 0.575501
0.351206 -0.817093 -0.331182 1.528093 -0.538410 0.817577 0.000859 0.575819
0.199615 -0.812536 -0.447965 2.037174 0.156175 -0.817801 -0.001084 -0.575500
0.199606 -0.802946 -0.447965 2.037174 0.156175 -0.817802 -0.000767 -0.575500
0.204410 -0.817331 -0.454765 2.068267 0.135399 -0.817643 -0.001243 -0.575724
0.194847 -0.817340 -0.441175 2.006082 0.176950 -0.817959 -0.001243 -0.575275
0.363004 -0.817075 -0.342423 1.579961 -0.590278 0.730685 0.501001 -0.463786
0.458337 -0.802531 -0.176518 0.843825 -1.037174 0.802999 0.508626 -0.310632
0.465375 -0.816916 -0.180969 0.864601 -1.068267 0.730685 0.501001 -0.463786
0.348973 -0.817102 -0.333531 1.538410 -0.528093 0.001602 -0.999999 -0.000003
0.363004 -0.817075 -0.342423 1.579961 -0.590278 0.001818 -0.999998 -0.000168
0.465375 -0.816916 -0.180969 0.864601 -1.068267 0.001602 -0.999999 -0.000003
0.451344 -0.816933 -0.172068 0.823050 -1.006082 0.001386 -0.999999 0.000162
0.348973 -0.817102 -0.333531 1.538410 -0.528093 -0.732429 0.498384 0.463854
0.451344 -0.816933 -0.172068 0.823050 -1.006082 -0.732308 0.498609 0.463804
0.458337 -0.802531 -0.176518 0.843825 -1.037174 -0.823867 0.505223 0.256889
0.458355 -0.812129 -0.176518 0.843825 -1.037174 0.535669 0.000828 0.844428
0.465375 -0.816916 -0.180969 0.864601 -1.068267 0.535798 0.000740 0.844346
0.458337 -0.802531 -0.176518 0.843825 -1.037174 0.535669 0.001005 0.844428
0.451344 -0.816933 -0.172068 0.823050 -1.006082 0.535540 0.000739 0.844510
0.355984 -0.812288 -0.337973 1.559186 -0.559186 -0.535283 -0.000563 -0.844673
0.355966 -0.802690 -0.337973 1.559186 -0.559186 -0.535282 -0.001004 -0.844673
0.363004 -0.817075 -0.342423 1.579961 -0.590278 -0.535605 -0.000344 -0.844468
0.348973 -0.817102 -0.333531 1.538410 -0.528093 -0.534960 -0.000342 -0.844877
0.466550 -0.816907 -0.177949 0.851121 -1.073851 0.852446 0.501268 -0.148548
0.491134 -0.802478 0.011817 0.000000 -1.205022 0.860806 0.507631 -0.036378
0.499337 -0.816863 0.010396 0.007295 -1.241698 0.852659 0.500905 -0.148548
0.450178 -0.816933 -0.175096 0.836530 -1.000498 0.001348 -0.999999 0.000023
0.466550 -0.816907 -0.177949 0.851121 -1.073851 0.001611 -0.999999 -0.000047
0.499337 -0.816863 0.010396 0.007295 -1.241698 0.001348 -0.999999 0.000023
0.482965 -0.816881 0.013248 -0.007295 -1.168345 0.001085 -0.999999 0.000093
0.450178 -0.816933 -0.175096 0.836530 -1.000498 -0.854072 0.498496 0.148537
0.482965 -0.816881 0.013248 -0.007295 -1.168345 -0.853929 0.498741 0.148537
0.491134 -0.802478 0.011817 0.000000 -1.205022 -0.859507 0.505191 -0.077656
0.491142 -0.812076 0.011817 0.000000 -1.205022 0.171620 0.000514 0.985163
0.499337 -0.816863 0.010396 0.007295 -1.241698 0.171311 0.000695 0.985217
0.491134 -0.802478 0.011817 0.000000 -1.205022 0.171621 0.000152 0.985163
0.482965 -0.816881 0.013248 -0.007295 -1.168345 0.171929 0.000695 0.985109
0.458355 -0.812129 -0.176518 0.843825 -1.037174 -0.171650 -0.000028 -0.985158
0.458337 -0.802531 -0.176518 0.843825 -1.037174 -0.171649 -0.000322 -0.985158
0.466550 -0.816907 -0.177949 0.851121 -1.073851 -0.171900 0.000119 -0.985114
0.450178 -0.816933 -0.175096 0.836530 -1.000498 -0.171399 0.000120 -0.985202
0.499258 -0.816863 0.013636 -0.007295 -1.241698 0.844372 0.501205 0.189288
0.449348 -0.802549 0.198369 -0.843825 -1.037174 0.809014 0.507829 0.295983
0.457481 -0.816925 0.200187 -0.851121 -1.073851 0.844206 0.501509 0.189220
0.483044 -0.816881 0.010007 0.007295 -1.168345 0.001368 -0.999999 -0.000048
0.499258 -0.816863 0.013636 -0.007295 -1.241698 0.001098 -0.999999 -0.000084
0.457481 -0.816925 0.200187 -0.851121 -1.073851 0.001368 -0.999999 -0.000048
0.441268 -0.816951 0.196558 -0.836530 -1.000498 0.001637 -0.999999 -0.000011
0.483044 -0.816881 0.010007 0.007295 -1.168345 -0.845801 0.498814 -0.189221
0.441268 -0.816951 0.196558 -0.836530 -1.000498 -0.845907 0.498618 -0.189265
0.449348 -0.802549 0.198369 -0.843825 -1.037174 -0.764534 0.505152 -0.400386
0.449365 -0.812138 0.198369 -0.843825 -1.037174 -0.218463 -0.000110 0.975845
0.457481 -0.816925 0.200187 -0.851121 -1.073851 -0.218707 0.000033 0.975791
0.449348 -0.802549 0.198369 -0.843825 -1.037174 -0.218462 -0.000399 0.975845
0.441268 -0.816951 0.196558 -0.836530 -1.000498 -0.218219 0.000034 0.975900
0.491142 -0.812076 0.011817 0.000000 -1.205022 0.218428 -0.000040 -0.975853
0.491134 -0.802478 0.011817 0.000000 -1.205022 0.218427 0.000193 -0.975853
0.499258 -0.816863 0.013636 -0.007295 -1.241698 0.218625 -0.000156 -0.975809
0.483044 -0.816881 0.010007 0.007295 -1.168345 0.218231 -0.000156 -0.975897
0.456174 -0.816925 0.203154 -0.864601 -1.068267 0.707490 0.501251 0.498202
0.339365 -0.802717 0.354737 -1.559186 -0.559186 0.707490 0.501251 0.498202
0.346182 -0.817101 0.359515 -1.579961 -0.590278 0.707650 0.500867 0.498362
0.442575 -0.816951 0.193591 -0.823050 -1.006082 0.001835 -0.999998 0.000162
0.456174 -0.816925 0.203154 -0.864601 -1.068267 0.001835 -0.999998 0.000162
0.346182 -0.817101 0.359515 -1.579961 -0.590278 0.001835 -0.999998 0.000162
0.332583 -0.817128 0.349960 -1.538410 -0.528093 0.001835 -0.999998 0.000162
0.442575 -0.816951 0.193591 -0.823050 -1.006082 -0.709175 0.498787 -0.498280
0.332583 -0.817128 0.349960 -1.538410 -0.528093 -0.709152 0.498842 -0.498257
0.339365 -0.802717 0.354737 -1.559186 -0.559186 -0.709129 0.498898 -0.498234
0.339374 -0.812315 0.354737 -1.559186 -0.559186 -0.574882 -0.000713 0.818236
0.346182 -0.817101 0.359515 -1.579961 -0.590278 -0.574758 -0.000800 0.818323
0.339365 -0.802717 0.354737 -1.559186 -0.559186 -0.574882 -0.000539 0.818236
0.332583 -0.817128 0.349960 -1.538410 -0.528093 -0.575005 -0.000800 0.818149
0.449365 -0.812138 0.198369 -0.843825 -1.037174 0.575258 0.000808 -0.817972
0.449348 -0.802549 0.198369 -0.843825 -1.037174 0.575258 0.001050 -0.817972
0.456174 -0.816925 0.203154 -0.864601 -1.068267 0.575430 0.000687 -0.817851
0.442575 -0.816951 0.193591 -0.823050 -1.006082 0.575087 0.000687 -0.818092
0.334915 -0.807529 0.347717 -1.528093 -0.538410 -0.462920 -0.500855 -0.731333
0.339392 -0.821913 0.354737 -1.559186 -0.559186 -0.462874 -0.500973 -0.731282
0.177936 -0.822170 0.457108 -2.037174 0.156175 -0.362497 -0.507082 -0.781961
0.173468 -0.807785 0.450088 -2.006082 0.176950 -0.462967 -0.500737 -0.731385
0.343816 -0.807511 0.361758 -1.590279 -0.579961 -0.001711 0.999999 -0.000197
0.334915 -0.807529 0.347717 -1.528093 -0.538410 -0.001711 0.999999 -0.000197
0.173468 -0.807785 0.450088 -2.006082 0.176950 -0.001711 0.999999 -0.000197
0.182360 -0.807767 0.464129 -2.068267 0.135399 -0.001697 0.999999 -0.000171
0.339392 -0.821913 0.354737 -1.559186 -0.559186 0.464554 -0.499205 0.731426
0.343816 -0.807511 0.361758 -1.590279 -0.579961 0.464554 -0.499205 0.731426
0.182360 -0.807767 0.464129 -2.068267 0.135399 0.464554 -0.499205 0.731426
0.177936 -0.822170 0.457108 -2.037174 0.156175 0.311397 -0.506804 0.803854
0.177919 -0.812571 0.457108 -2.037174 0.156175 -0.844826 -0.001300 0.535039
0.173468 -0.807785 0.450088 -2.006082 0.176950 -0.844938 -0.001181 0.534864
0.177936 -0.822170 0.457108 -2.037174 0.156175 -0.844826 -0.001540 0.535039
0.182360 -0.807767 0.464129 -2.068267 0.135399 -0.844715 -0.001180 0.535214
0.339374 -0.812315 0.354737 -1.559186 -0.559186 0.844576 0.001540 -0.535434
0.339392 -0.821913 0.354737 -1.559186 -0.559186 0.844576 0.001540 -0.535434
0.334915 -0.807529 0.347717 -1.528093 -0.538410 0.844576 0.001540 -0.535434
0.343816 -0.807511 0.361758 -1.590279 -0.579961 0.844581 0.001557 -0.535426
0.176488 -0.807776 0.448923 -2.000498 0.163470 -0.147739 -0.500241 -0.853190
-0.010408 -0.822461 0.489895 -2.205022 1.000000 -0.035593 -0.506509 -0.861499
-0.011856 -0.808076 0.481710 -2.168345 1.007296 -0.147713 -0.500371 -0.853118
0.179341 -0.807776 0.465294 -2.073851 0.148880 -0.001572 0.999999 -0.000001
0.176488 -0.807776 0.448923 -2.000498 0.163470 -0.001549 0.999999 0.000270
-0.011856 -0.808076 0.481710 -2.168345 1.007296 -0.001572 0.999999 -0.000001
-0.009003 -0.808068 0.498082 -2.241698 0.992705 -0.001595 0.999999 -0.000272
0.179341 -0.807776 0.465294 -2.073851 0.148880 0.149298 -0.499796 0.853179
-0.009003 -0.808068 0.498082 -2.241698 0.992705 0.149298 -0.499796 0.853179
-0.010408 -0.822461 0.489895 -2.205022 1.000000 -0.076843 -0.506723 0.858678
-0.010417 -0.812871 0.489895 -2.205022 1.000000 -0.985158 -0.001523 0.171645
-0.011856 -0.808076 0.481710 -2.168345 1.007296 -0.985068 -0.001822 0.172156
-0.010408 -0.822461 0.489895 -2.205022 1.000000 -0.985158 -0.000925 0.171645
-0.009003 -0.808068 0.498082 -2.241698 0.992705 -0.985246 -0.001822 0.171134
0.177919 -0.812571 0.457108 -2.037174 0.156175 0.985157 0.001491 -0.171649
0.177936 -0.822170 0.457108 -2.037174 0.156175 0.985156 0.001796 -0.171649
0.176488 -0.807776 0.448923 -2.000498 0.163470 0.985202 0.001339 -0.171390
0.179341 -0.807776 0.465294 -2.073851 0.148880 0.985112 0.001339 -0.171909
-0.008615 -0.808068 0.481789 -2.168345 0.992705 0.190062 -0.499646 -0.845121
-0.196959 -0.822762 0.448119 -2.037174 1.843825 0.349574 -0.506758 -0.788032
-0.195166 -0.808368 0.440012 -2.000498 1.836530 0.190062 -0.499646 -0.845121
-0.012245 -0.808076 0.498011 -2.241698 1.007296 -0.001652 0.999999 0.000185
-0.008615 -0.808068 0.481789 -2.168345 0.992705 -0.001652 0.999999 0.000185
-0.195166 -0.808368 0.440012 -2.000498 1.836530 -0.001652 0.999999 0.000185
-0.198796 -0.808377 0.456225 -2.073851 1.851121 -0.001643 0.999999 0.000156
-0.012245 -0.808076 0.498011 -2.241698 1.007296 -0.188436 -0.500694 0.844865
-0.198796 -0.808377 0.456225 -2.073851 1.851121 -0.188442 -0.500487 0.844986
-0.196959 -0.822762 0.448119 -2.037174 1.843825 -0.347949 -0.507891 0.788022
-0.196968 -0.813172 0.448119 -2.037174 1.843825 -0.975850 -0.001495 -0.218435
-0.195166 -0.808368 0.440012 -2.000498 1.836530 -0.975960 -0.001785 -0.217945
-0.196959 -0.822762 0.448119 -2.037174 1.843825 -0.975851 -0.000916 -0.218434
-0.198796 -0.808377 0.456225 -2.073851 1.851121 -0.975740 -0.001785 -0.218925
-0.010417 -0.812871 0.489895 -2.205022 1.000000 0.975870 0.001444 0.218348
-0.010408 -0.822461 0.489895 -2.205022 1.000000 0.975871 0.000916 0.218347
-0.008615 -0.808068 0.481789 -2.168345 0.992705 0.975969 0.001708 0.217901
-0.012245 -0.808076 0.498011 -2.241698 1.007296 0.975770 0.001708 0.218794
-0.192200 -0.808359 0.441319 -2.006081 1.823050 0.499074 -0.499138 -0.708369
-0.353319 -0.823009 0.338127 -1.559186 2.559186 0.584240 -0.505496 -0.634930
-0.348560 -0.808607 0.331336 -1.528093 2.538410 0.499113 -0.498978 -0.708454
-0.201763 -0.808377 0.454919 -2.068267 1.864601 -0.001665 0.999999 0.000116
-0.192200 -0.808359 0.441319 -2.006081 1.823050 -0.001665 0.999999 0.000116
-0.348560 -0.808607 0.331336 -1.528093 2.538410 -0.001665 0.999999 0.000116
-0.358123 -0.808624 0.344927 -1.590278 2.579961 -0.001665 0.999999 0.000116
-0.201763 -0.808377 0.454919 -2.068267 1.864601 -0.497444 -0.500896 0.708275
-0.358123 -0.808624 0.344927 -1.590278 2.579961 -0.497444 -0.500896 0.708275
-0.353319 -0.823009 0.338127 -1.559186 2.559186 -0.661229 -0.507744 0.552243
-0.353337 -0.813419 0.338127 -1.559186 2.559186 -0.817801 -0.001085 -0.575501
-0.348560 -0.808607 0.331336 -1.528093 2.538410 -0.817597 -0.000881 -0.575790
-0.353319 -0.823009 0.338127 -1.559186 2.559186 -0.817800 -0.001492 -0.575501
-0.358123 -0.808624 0.344927 -1.590278 2.579961 -0.818004 -0.000881 -0.575212
-0.196968 -0.813172 0.448119 -2.037174 1.843825 0.817994 0.001250 0.575226
-0.196959 -0.822762 0.448119 -2.037174 1.843825 0.817995 0.000768 0.575225
-0.192200 -0.808359 0.441319 -2.006081 1.823050 0.818234 0.001491 0.574884
-0.201763 -0.808377 0.454919 -2.068267 1.864601 0.817753 0.001490 0.575567
-0.346326 -0.808607 0.333676 -1.538410 2.528093 0.732243 -0.498731 -0.463776
-0.455690 -0.823176 0.176672 -0.843825 3.037174 0.782883 -0.505034 -0.363366
-0.448697 -0.808766 0.172222 -0.823049 3.006082 0.732293 -0.498614 -0.463822
-0.360366 -0.808632 0.342578 -1.579961 2.590279 -0.001766 0.999998 0.000135
-0.346326 -0.808607 0.333676 -1.538410 2.528093 -0.001766 0.999998 0.000135
-0.448697 -0.808766 0.172222 -0.823049 3.006082 -0.001766 0.999998 0.000135
-0.462737 -0.808792 0.181122 -0.864601 3.068267 -0.001766 0.999998 0.000135
-0.360366 -0.808632 0.342578 -1.579961 2.590279 -0.730413 -0.501558 0.463613
-0.462737 -0.808792 0.181122 -0.864601 3.068267 -0.730467 -0.501434 0.463662
-0.455690 -0.823176 0.176672 -0.843825 3.037174 -0.822304 -0.507766 0.256883
-0.455707 -0.813578 0.176672 -0.843825 3.037174 -0.535450 -0.000976 -0.844566
-0.448697 -0.808766 0.172222 -0.823049 3.006082 -0.535450 -0.000976 -0.844566
-0.455690 -0.823176 0.176672 -0.843825 3.037174 -0.535450 -0.000976 -0.844566
-0.462737 -0.808792 0.181122 -0.864601 3.068267 -0.535437 -0.001004 -0.844575
-0.353337 -0.813419 0.338127 -1.559186 2.559186 0.535450 0.000977 0.844566
-0.353319 -0.823009 0.338127 -1.559186 2.559186 0.535450 0.000977 0.844566
-0.346326 -0.808607 0.333676 -1.538410 2.528093 0.535450 0.000977 0.844566
-0.360366 -0.808632 0.342578 -1.579961 2.590279 0.535458 0.000960 0.844561
-0.447531 -0.808766 0.175251 -0.836530 3.000498 0.853990 -0.498628 -0.148560
-0.488486 -0.823221 -0.011663 0.000000 3.205022 0.862272 -0.505135 -0.036413
-0.480318 -0.808818 -0.013093 0.007296 3.168345 0.853807 -0.498963 -0.148494
-0.463902 -0.808792 0.178103 -0.851120 3.073851 -0.001589 0.999999 -0.000002
-0.447531 -0.808766 0.175251 -0.836530 3.000498 -0.001589 0.999999 -0.000002
-0.480318 -0.808818 -0.013093 0.007296 3.168345 -0.001589 0.999999 -0.000002
-0.496690 -0.808844 -0.010242 -0.007295 3.241698 -0.001619 0.999999 0.000000
-0.463902 -0.808792 0.178103 -0.851120 3.073851 -0.852387 -0.501374 0.148527
-0.496690 -0.808844 -0.010242 -0.007295 3.241698 -0.852446 -0.501268 0.148548
-0.488486 -0.823221 -0.011663 0.000000 3.205022 -0.860720 -0.508660 -0.020639
-0.488495 -0.813631 -0.011663 0.000000 3.205022 -0.171620 -0.000520 -0.985163
-0.480318 -0.808818 -0.013093 0.007296 3.168345 -0.171925 -0.000699 -0.985110
-0.488486 -0.823221 -0.011663 0.000000 3.205022 -0.171621 -0.000161 -0.985163
-0.496690 -0.808844 -0.010242 -0.007295 3.241698 -0.171313 -0.000698 -0.985216
-0.455707 -0.813578 0.176672 -0.843825 3.037174 0.171620 0.000005 0.985163
-0.455690 -0.823176 0.176672 -0.843825 3.037174 0.171620 0.000313 0.985163
-0.447531 -0.808766 0.175251 -0.836530 3.000498 0.171358 -0.000149 0.985209
-0.463902 -0.808792 0.178103 -0.851120 3.073851 0.171884 -0.000148 0.985117
-0.480397 -0.808818 -0.009853 -0.007295 3.168345 0.845890 -0.498641 0.189281
-0.446701 -0.823159 -0.198223 0.843826 3.037174 0.810633 -0.505212 0.296031
-0.438621 -0.808756 -0.196404 0.836530 3.000498 0.845981 -0.498484 0.189285
-0.496619 -0.808844 -0.013482 0.007296 3.241698 -0.001626 0.999999 -0.000034
-0.480397 -0.808818 -0.009853 -0.007295 3.168345 -0.001626 0.999999 -0.000034
-0.438621 -0.808756 -0.196404 0.836530 3.000498 -0.001626 0.999999 -0.000034
-0.454834 -0.808783 -0.200034 0.851121 3.073851 -0.001627 0.999999 -0.000035
-0.496619 -0.808844 -0.013482 0.007296 3.241698 -0.844186 -0.501531 -0.189254
-0.454834 -0.808783 -0.200034 0.851121 3.073851 -0.844186 -0.501531 -0.189254
-0.446701 -0.823159 -0.198223 0.843826 3.037174 -0.787188 -0.508627 -0.348759
-0.446719 -0.813560 -0.198223 0.843826 3.037174 0.218462 0.000695 -0.975845
-0.438621 -0.808756 -0.196404 0.836530 3.000498 0.218702 0.000838 -0.975791
-0.446701 -0.823159 -0.198223 0.843826 3.037174 0.218462 0.000410 -0.975845
-0.454834 -0.808783 -0.200034 0.851121 3.073851 0.218221 0.000837 -0.975899
-0.488495 -0.813631 -0.011663 0.000000 3.205022 -0.218347 -0.000050 0.975871
-0.488486 -0.823221 -0.011663 0.000000 3.205022 -0.218347 -0.000205 0.975871
-0.480397 -0.808818 -0.009853 -0.007295 3.168345 -0.218216 0.000028 0.975900
-0.496619 -0.808844 -0.013482 0.007296 3.241698 -0.218479 0.000028 0.975842
-0.439928 -0.808756 -0.193437 0.823050 3.006082 0.709137 -0.498897 0.498223
-0.336718 -0.822982 -0.354584 1.559186 2.559186 0.709137 -0.498897 0.498223
-0.329945 -0.808580 -0.349806 1.538410 2.528093 0.709195 -0.498787 0.498251
-0.453527 -0.808774 -0.203000 0.864601 3.068267 -0.001600 0.999999 -0.000026
-0.439928 -0.808756 -0.193437 0.823050 3.006082 -0.001392 0.999999 0.000150
-0.329945 -0.808580 -0.349806 1.538410 2.528093 -0.001600 0.999999 -0.000026
-0.343535 -0.808607 -0.359361 1.579961 2.590278 -0.001809 0.999998 -0.000201
-0.453527 -0.808774 -0.203000 0.864601 3.068267 -0.707513 -0.501186 -0.498235
-0.343535 -0.808607 -0.359361 1.579961 2.590278 -0.707513 -0.501186 -0.498235
-0.336718 -0.822982 -0.354584 1.559186 2.559186 -0.707564 -0.501089 -0.498260
-0.336726 -0.813392 -0.354584 1.559186 2.559186 0.575137 0.000893 -0.818057
-0.329945 -0.808580 -0.349806 1.538410 2.528093 0.575408 0.001085 -0.817866
-0.336718 -0.822982 -0.354584 1.559186 2.559186 0.575137 0.000510 -0.818057
-0.343535 -0.808607 -0.359361 1.579961 2.590278 0.574864 0.001085 -0.818248
-0.446719 -0.813560 -0.198223 0.843826 3.037174 -0.575223 -0.001315 0.817995
-0.446701 -0.823159 -0.198223 0.843826 3.037174 -0.575224 -0.001079 0.817995
-0.439928 -0.808756 -0.193437 0.823050 3.006082 -0.575390 -0.001433 0.817878
-0.453527 -0.808774 -0.203000 0.864601 3.068267 -0.575056 -0.001433 0.818113
-0.341168 -0.818196 -0.361604 1.590279 2.579961 -0.464552 0.499205 -0.731428
-0.336745 -0.803794 -0.354584 1.559186 2.559186 -0.464552 0.499205 -0.731428
-0.175289 -0.803538 -0.456954 2.037174 1.843825 -0.311414 0.506778 -0.803864
-0.179713 -0.817940 -0.463975 2.068267 1.864600 -0.464547 0.499224 -0.731417
-0.332276 -0.818179 -0.347563 1.528093 2.538410 0.001695 -0.999999 0.000173
-0.341168 -0.818196 -0.361604 1.590279 2.579961 0.001695 -0.999999 0.000173
-0.179713 -0.817940 -0.463975 2.068267 1.864600 0.001695 -0.999999 0.000173
-0.170821 -0.817923 -0.449934 2.006082 1.823050 0.001695 -0.999999 0.000173
-0.336745 -0.803794 -0.354584 1.559186 2.559186 0.462944 0.500755 0.731387
-0.332276 -0.818179 -0.347563 1.528093 2.538410 0.462944 0.500755 0.731387
-0.170821 -0.817923 -0.449934 2.006082 1.823050 0.462944 0.500755 0.731387
-0.175289 -0.803538 -0.456954 2.037174 1.843825 0.309804 0.507711 0.803897
-0.175272 -0.813137 -0.456954 2.037174 1.843825 0.844826 0.001300 -0.535039
-0.179713 -0.817940 -0.463975 2.068267 1.864600 0.844715 0.001180 -0.535214
-0.175289 -0.803538 -0.456954 2.037174 1.843825 0.844826 0.001540 -0.535039
-0.170821 -0.817923 -0.449934 2.006082 1.823050 0.844937 0.001181 -0.534864
-0.336726 -0.813392 -0.354584 1.559186 2.559186 -0.844813 -0.001296 0.535061
-0.336745 -0.803794 -0.354584 1.559186 2.559186 -0.844812 -0.001584 0.535061
-0.341168 -0.818196 -0.361604 1.590279 2.579961 -0.844680 -0.001152 0.535271
-0.332276 -0.818179 -0.347563 1.528093 2.538410 -0.844946 -0.001153 0.534850
-0.176693 -0.817932 -0.465140 2.073851 1.851120 -0.149321 0.499976 -0.853069
0.011650 -0.817631 -0.497936 2.241698 1.007295 -0.149322 0.500174 -0.852953
-0.173841 -0.817932 -0.448769 2.000498 1.836529 0.001549 -0.999999 -0.000270
-0.176693 -0.817932 -0.465140 2.073851 1.851120 0.001549 -0.999999 -0.000270
0.011650 -0.817631 -0.497936 2.241698 1.007295 0.001549 -0.999999 -0.000270
0.014494 -0.817631 -0.481556 2.168345 0.992705 0.001549 -0.999999 -0.000269
-0.173841 -0.817932 -0.448769 2.000498 1.836529 0.147747 0.500097 0.853272
0.014494 -0.817631 -0.481556 2.168345 0.992705 0.147747 0.500097 0.853272
0.013064 -0.812836 -0.489742 2.205022 1.000000 0.985265 0.001232 -0.171033
0.011650 -0.817631 -0.497936 2.241698 1.007295 0.985317 0.001411 -0.170727
0.013055 -0.803238 -0.489742 2.205022 1.000000 0.985265 0.000873 -0.171033
0.014494 -0.817631 -0.481556 2.168345 0.992705 0.985211 0.001411 -0.171339
-0.175272 -0.813137 -0.456954 2.037174 1.843825 -0.985162 -0.001509 0.171620
-0.175289 -0.803538 -0.456954 2.037174 1.843825 -0.985162 -0.001796 0.171620
-0.176693 -0.817932 -0.465140 2.073851 1.851120 -0.985119 -0.001365 0.171866
-0.173841 -0.817932 -0.448769 2.000498 1.836529 -0.985205 -0.001365 0.171375
0.012375 0.764946 -0.497857 2.241698 0.992705 0.188468 0.500381 -0.845044
0.197090 0.779632 -0.447965 2.037174 0.156175 0.295222 0.507025 -0.809796
0.198926 0.765238 -0.456072 2.073851 0.148879 0.188536 0.500081 -0.845206
0.008745 0.764938 -0.481635 2.168345 1.007295 0.001570 -0.999999 0.000074
0.012375 0.764946 -0.497857 2.241698 0.992705 0.001606 -0.999999 -0.000195
0.198926 0.765238 -0.456072 2.073851 0.148879 0.001570 -0.999999 0.000074
0.195297 0.765238 -0.439859 2.000498 0.163470 0.001534 -0.999999 0.000343
0.010538 0.779331 -0.489742 2.205022 1.000000 -0.021482 0.507287 0.861509
0.008745 0.764938 -0.481635 2.168345 1.007295 -0.190064 0.499633 0.845129
0.195297 0.765238 -0.439859 2.000498 0.163470 -0.190064 0.499633 0.845129
0.197090 0.779632 -0.447965 2.037174 0.156175 -0.401181 0.505753 0.763720
0.197107 0.770033 -0.447965 2.037174 0.156175 0.975851 0.001488 0.218434
0.198926 0.765238 -0.456072 2.073851 0.148879 0.975906 0.001342 0.218188
0.197090 0.779632 -0.447965 2.037174 0.156175 0.975850 0.001779 0.218434
0.195297 0.765238 -0.439859 2.000498 0.163470 0.975796 0.001342 0.218680
0.010556 0.769741 -0.489742 2.205022 1.000000 -0.975870 -0.001445 -0.218348
0.010538 0.779331 -0.489742 2.205022 1.000000 -0.975869 -0.001832 -0.218348
0.012375 0.764946 -0.497857 2.241698 0.992705 -0.975943 -0.001251 -0.218021
0.008745 0.764938 -0.481635 2.168345 1.007295 -0.975797 -0.001251 -0.218675
0.201893 0.765247 -0.454765 2.068267 0.135399 0.497473 0.500779 -0.708337
0.353459 0.779879 -0.337973 1.559186 -0.559186 0.582664 0.507322 -0.634923
0.358253 0.765494 -0.344773 1.590279 -0.579961 0.497521 0.500663 -0.708385
0.192330 0.765229 -0.441165 2.006081 0.176951 0.001665 -0.999999 -0.000116
0.201893 0.765247 -0.454765 2.068267 0.135399 0.001665 -0.999999 -0.000116
0.358253 0.765494 -0.344773 1.590279 -0.579961 0.001665 -0.999999 -0.000116
0.348699 0.765477 -0.331183 1.528093 -0.538410 0.001665 -0.999999 -0.000117
0.192330 0.765229 -0.441165 2.006081 0.176951 -0.498987 0.499298 0.708318
0.348699 0.765477 -0.331183 1.528093 -0.538410 -0.499056 0.499131 0.708386
0.353459 0.779879 -0.337973 1.559186 -0.559186 -0.662913 0.505452 0.552327
0.353467 0.770280 -0.337973 1.559186 -0.559186 0.818070 0.000815 0.575118
0.358253 0.765494 -0.344773 1.590279 -0.579961 0.818025 0.000860 0.575182
0.353459 0.779879 -0.337973 1.559186 -0.559186 0.818070 0.000724 0.575118
0.348699 0.765477 -0.331183 1.528093 -0.538410 0.818115 0.000860 0.575054
0.197107 0.770033 -0.447965 2.037174 0.156175 -0.817994 -0.001250 -0.575226
0.197090 0.779632 -0.447965 2.037174 0.156175 -0.817993 -0.001491 -0.575226
0.201893 0.765247 -0.454765 2.068267 0.135399 -0.818114 -0.001130 -0.575055
0.192330 0.765229 -0.441165 2.006081 0.176951 -0.817874 -0.001129 -0.575396
0.348876 0.770272 -0.346398 1.596581 -0.537596 0.520760 0.000827 -0.853703
0.363057 0.770297 -0.337744 1.559186 -0.602366 0.520880 0.000828 -0.853629
0.365574 -0.812271 -0.337744 1.559186 -0.602366 0.520760 0.000827 -0.853703
0.351383 -0.812298 -0.346398 1.596581 -0.537596 0.520639 0.000825 -0.853776
0.348478 0.770272 -0.329788 1.521791 -0.537596 -0.999713 -0.001584 -0.023924
0.348876 0.770272 -0.346398 1.596581 -0.537596 -0.999713 -0.001584 -0.023924
0.351383 -0.812298 -0.346398 1.596581 -0.537596 -0.999713 -0.001584 -0.023924
0.350986 -0.812298 -0.329788 1.521791 -0.537596 -0.999713 -0.001584 -0.023894
0.363057 0.770297 -0.337744 1.559186 -0.602366 0.478944 0.000760 0.877845
0.348478 0.770272 -0.329788 1.521791 -0.537596 0.479051 0.000759 0.877787
0.350986 -0.812298 -0.329788 1.521791 -0.537596 0.478944 0.000760 0.877845
0.365574 -0.812271 -0.337744 1.559186 -0.602366 0.478836 0.000761 0.877904
0.355984 -0.812288 -0.337973 1.559186 -0.559186 0.001823 -0.999998 0.000073
0.351383 -0.812298 -0.346398 1.596581 -0.537596 0.001823 -0.999998 0.000073
0.365574 -0.812271 -0.337744 1.559186 -0.602366 0.001823 -0.999998 0.000073
0.350986 -0.812298 -0.329788 1.521791 -0.537596 0.001874 -0.999998 0.000045
0.353467 0.770280 -0.337973 1.559186 -0.559186 -0.001824 0.999998 -0.000015
0.363057 0.770297 -0.337744 1.559186 -0.602366 -0.001824 0.999998 -0.000015
0.348876 0.770272 -0.346398 1.596581 -0.537596 -0.001824 0.999998 -0.000015
0.348478 0.770272 -0.329788 1.521791 -0.537596 -0.001773 0.999998 -0.000042
0.360496 0.765494 -0.342424 1.579961 -0.590278 0.730566 0.501251 -0.463704
0.455821 0.780038 -0.176518 0.843825 -1.037174 0.781094 0.507852 -0.363288
0.462867 0.765662 -0.180969 0.864601 -1.068267 0.730412 0.501534 -0.463640
0.346456 0.765477 -0.333523 1.538410 -0.528093 0.001576 -0.999999 0.000014
0.360496 0.765494 -0.342424 1.579961 -0.590278 0.001360 -0.999999 0.000178
0.462867 0.765662 -0.180969 0.864601 -1.068267 0.001576 -0.999999 0.000014
0.448827 0.765636 -0.172068 0.823050 -1.006082 0.001792 -0.999998 -0.000151
0.346456 0.765477 -0.333523 1.538410 -0.528093 -0.732020 0.499179 0.463646
0.448827 0.765636 -0.172068 0.823050 -1.006082 -0.732109 0.499013 0.463683
0.455821 0.780038 -0.176518 0.843825 -1.037174 -0.804692 0.505955 0.310613
0.455838 0.770448 -0.176518 0.843825 -1.037174 0.535437 0.001015 0.844575
0.462867 0.765662 -0.180969 0.864601 -1.068267 0.535409 0.001035 0.844592
0.455821 0.780038 -0.176518 0.843825 -1.037174 0.535437 0.000977 0.844575
0.448827 0.765636 -0.172068 0.823050 -1.006082 0.535465 0.001035 0.844557
0.353467 0.770280 -0.337973 1.559186 -0.559186 -0.535438 -0.000651 -0.844574
0.353459 0.779879 -0.337973 1.559186 -0.559186 -0.535438 -0.000474 -0.844574
0.360496 0.765494 -0.342424 1.579961 -0.590278 -0.535308 -0.000739 -0.844656
0.346456 0.765477 -0.333523 1.538410 -0.528093 -0.535567 -0.000740 -0.844492
0.464033 0.765662 -0.177949 0.851121 -1.073851 0.852245 0.501609 -0.148547
0.488617 0.780091 0.011817 0.000000 -1.205022 0.860583 0.508892 0.020625
0.496829 0.765715 0.010395 0.007295 -1.241698 0.852265 0.501575 -0.148547
0.447661 0.765636 -0.175096 0.836530 -1.000498 0.001619 -0.999999 -0.000000
0.464033 0.765662 -0.177949 0.851121 -1.073851 0.001619 -0.999999 -0.000000
0.496829 0.765715 0.010395 0.007295 -1.241698 0.001619 -0.999999 -0.000000
0.480457 0.765688 0.013248 -0.007295 -1.168345 0.001619 -0.999999 -0.000000
0.447661 0.765636 -0.175096 0.836530 -1.000498 -0.854052 0.498518 0.148576
0.480457 0.765688 0.013248 -0.007295 -1.168345 -0.854052 0.498518 0.148576
0.488617 0.780091 0.011817 0.000000 -1.205022 -0.859544 0.505131 -0.077625
0.488635 0.770501 0.011817 0.000000 -1.205022 0.171649 0.000644 0.985158
0.496829 0.765715 0.010395 0.007295 -1.241698 0.171374 0.000805 0.985206
0.488617 0.780091 0.011817 0.000000 -1.205022 0.171649 0.000322 0.985158
0.480457 0.765688 0.013248 -0.007295 -1.168345 0.171923 0.000806 0.985110
0.455838 0.770448 -0.176518 0.843825 -1.037174 -0.171650 -0.000022 -0.985158
0.455821 0.780038 -0.176518 0.843825 -1.037174 -0.171649 -0.000313 -0.985158
0.464033 0.765662 -0.177949 0.851121 -1.073851 -0.171898 0.000123 -0.985115
0.447661 0.765636 -0.175096 0.836530 -1.000498 -0.171402 0.000124 -0.985201
0.496750 0.765715 0.013636 -0.007295 -1.241698 0.844383 0.501187 0.189285
0.446840 0.780029 0.198377 -0.843825 -1.037174 0.809140 0.507564 0.296093
0.454964 0.765644 0.200187 -0.851121 -1.073851 0.844580 0.500825 0.189366
0.480528 0.765688 0.010007 0.007295 -1.168345 0.001636 -0.999999 -0.000011
0.496750 0.765715 0.013636 -0.007295 -1.241698 0.001636 -0.999999 -0.000011
0.454964 0.765644 0.200187 -0.851121 -1.073851 0.001636 -0.999999 -0.000011
0.438752 0.765618 0.196558 -0.836530 -1.000498 0.001637 -0.999999 -0.000011
0.480528 0.765688 0.010007 0.007295 -1.168345 -0.845806 0.498805 -0.189222
0.438752 0.765618 0.196558 -0.836530 -1.000498 -0.845845 0.498733 -0.189238
0.446840 0.780029 0.198377 -0.843825 -1.037174 -0.764470 0.505265 -0.400366
0.446849 0.770431 0.198377 -0.843825 -1.037174 -0.218434 -0.000574 0.975852
0.454964 0.765644 0.200187 -0.851121 -1.073851 -0.218121 -0.000759 0.975922
0.446840 0.780029 0.198377 -0.843825 -1.037174 -0.218434 -0.000205 0.975852
0.438752 0.765618 0.196558 -0.836530 -1.000498 -0.218746 -0.000759 0.975782
0.488635 0.770501 0.011817 0.000000 -1.205022 0.218348 0.000016 -0.975871
0.488617 0.780091 0.011817 0.000000 -1.205022 0.218347 0.000410 -0.975871
0.496750 0.765715 0.013636 -0.007295 -1.241698 0.218681 -0.000181 -0.975796
0.480528 0.765688 0.010007 0.007295 -1.168345 0.218015 -0.000182 -0.975945
0.453657 0.765644 0.203154 -0.864601 -1.068267 0.707650 0.500867 0.498362
0.336849 0.779852 0.354737 -1.559186 -0.559186 0.707650 0.500867 0.498362
0.343666 0.765467 0.359515 -1.579961 -0.590278 0.707650 0.500867 0.498362
0.440067 0.765626 0.193591 -0.823050 -1.006082 0.001419 -0.999999 -0.000134
0.453657 0.765644 0.203154 -0.864601 -1.068267 0.001419 -0.999999 -0.000134
0.343666 0.765467 0.359515 -1.579961 -0.590278 0.001419 -0.999999 -0.000134
0.330076 0.765450 0.349960 -1.538410 -0.528093 0.001393 -0.999999 -0.000149
0.440067 0.765626 0.193591 -0.823050 -1.006082 -0.709072 0.499007 -0.498205
0.330076 0.765450 0.349960 -1.538410 -0.528093 -0.709120 0.498891 -0.498253
0.336849 0.779852 0.354737 -1.559186 -0.559186 -0.709169 0.498774 -0.498302
0.336866 0.770254 0.354737 -1.559186 -0.559186 -0.575137 -0.000865 0.818057
0.343666 0.765467 0.359515 -1.579961 -0.590278 -0.575267 -0.000773 0.817965
0.336849 0.779852 0.354737 -1.559186 -0.559186 -0.575137 -0.001049 0.818057
0.330076 0.765450 0.349960 -1.538410 -0.528093 -0.575007 -0.000773 0.818148
0.446849 0.770431 0.198377 -0.843825 -1.037174 0.575479 0.001136 -0.817816
0.446840 0.780029 0.198377 -0.843825 -1.037174 0.575480 0.000540 -0.817816
0.453657 0.765644 0.203154 -0.864601 -1.068267 0.575056 0.001433 -0.818113
0.440067 0.765626 0.193591 -0.823050 -1.006082 0.575900 0.001434 -0.817519
0.332265 0.770245 0.346313 -1.521791 -0.537596 0.520639 0.000828 -0.853776
0.346456 0.770272 0.354967 -1.559186 -0.602366 0.520639 0.000828 -0.853776
0.348973 -0.812298 0.354967 -1.559186 -0.602366 0.520639 0.000828 -0.853776
0.334782 -0.812324 0.346313 -1.521791 -0.537596 0.520661 0.000828 -0.853763
0.331868 0.770245 0.362932 -1.596581 -0.537596 -0.999713 -0.001590 -0.023912
0.332265 0.770245 0.346313 -1.521791 -0.537596 -0.999713 -0.001590 -0.023912
0.334782 -0.812324 0.346313 -1.521791 -0.537596 -0.999713 -0.001590 -0.023912
0.334384 -0.812324 0.362932 -1.596581 -0.537596 -0.999713 -0.001590 -0.023912
0.346456 0.770272 0.354967 -1.559186 -0.602366 0.479218 0.000762 0.877696
0.331868 0.770245 0.362932 -1.596581 -0.537596 0.479218 0.000762 0.877696
0.334384 -0.812324 0.362932 -1.596581 -0.537596 0.479218 0.000762 0.877696
0.348973 -0.812298 0.354967 -1.559186 -0.602366 0.479218 0.000762 0.877696
0.339374 -0.812315 0.354737 -1.559186 -0.559186 0.001821 -0.999998 0.000076
0.334782 -0.812324 0.346313 -1.521791 -0.537596 0.001821 -0.999998 0.000076
0.348973 -0.812298 0.354967 -1.559186 -0.602366 0.001821 -0.999998 0.000076
0.334384 -0.812324 0.362932 -1.596581 -0.537596 0.001878 -0.999998 0.000045
0.336866 0.770254 0.354737 -1.559186 -0.559186 -0.001823 0.999998 -0.000073
0.346456 0.770272 0.354967 -1.559186 -0.602366 -0.001823 0.999998 -0.000073
0.332265 0.770245 0.346313 -1.521791 -0.537596 -0.001823 0.999998 -0.000073
0.331868 0.770245 0.362932 -1.596581 -0.537596 -0.001874 0.999998 -0.000045
0.332406 0.775049 0.347717 -1.528093 -0.538410 -0.462945 -0.500749 -0.731391
0.336875 0.760664 0.354737 -1.559186 -0.559186 -0.462945 -0.500749 -0.731391
0.175420 0.760408 0.457108 -2.037174 0.156175 -0.309787 -0.507859 -0.803810
0.170952 0.774793 0.450088 -2.006082 0.176950 -0.462950 -0.500737 -0.731396
0.341307 0.775057 0.361757 -1.590279 -0.579961 -0.001421 0.999999 0.000260
0.332406 0.775049 0.347717 -1.528093 -0.538410 -0.001421 0.999999 0.000260
0.170952 0.774793 0.450088 -2.006082 0.176950 -0.001421 0.999999 0.000260
0.179853 0.774802 0.464128 -2.068267 0.135399 -0.001421 0.999999 0.000260
0.336875 0.760664 0.354737 -1.559186 -0.559186 0.464419 -0.499645 0.731211
0.341307 0.775057 0.361757 -1.590279 -0.579961 0.464419 -0.499645 0.731211
0.179853 0.774802 0.464128 -2.068267 0.135399 0.464419 -0.499645 0.731211
0.175420 0.760408 0.457108 -2.037174 0.156175 0.311345 -0.507012 0.803743
0.175411 0.769998 0.457108 -2.037174 0.156175 -0.844574 -0.001027 0.535439
0.170952 0.774793 0.450088 -2.006082 0.176950 -0.844465 -0.001144 0.535610
0.175420 0.760408 0.457108 -2.037174 0.156175 -0.844574 -0.000793 0.535439
0.179853 0.774802 0.464128 -2.068267 0.135399 -0.844682 -0.001144 0.535267
0.336866 0.770254 0.354737 -1.559186 -0.559186 0.844574 0.001056 -0.535439
0.336875 0.760664 0.354737 -1.559186 -0.559186 0.844574 0.000793 -0.535439
0.332406 0.775049 0.347717 -1.528093 -0.538410 0.844451 0.001188 -0.535631
0.341307 0.775057 0.361757 -1.590279 -0.579961 0.844696 0.001188 -0.535246
0.173972 0.774793 0.448922 -2.000498 0.163470 -0.147722 -0.500367 -0.853118
-0.012916 0.760108 0.489895 -2.205022 1.000000 0.021479 -0.507298 -0.861503
-0.014364 0.774493 0.481710 -2.168345 1.007296 -0.147725 -0.500354 -0.853126
0.176823 0.774802 0.465294 -2.073851 0.148880 -0.001639 0.999999 -0.000264
0.173972 0.774793 0.448922 -2.000498 0.163470 -0.001639 0.999999 -0.000264
-0.014364 0.774493 0.481710 -2.168345 1.007296 -0.001639 0.999999 -0.000264
-0.011511 0.774501 0.498081 -2.241698 0.992705 -0.001636 0.999999 -0.000234
0.176823 0.774802 0.465294 -2.073851 0.148880 0.149326 -0.499792 0.853176
-0.011511 0.774501 0.498081 -2.241698 0.992705 0.149326 -0.499792 0.853176
-0.012916 0.760108 0.489895 -2.205022 1.000000 -0.076842 -0.506703 0.858689
-0.012933 0.769698 0.489895 -2.205022 1.000000 -0.985162 -0.001503 0.171621
-0.014364 0.774493 0.481710 -2.168345 1.007296 -0.985206 -0.001356 0.171370
-0.012916 0.760108 0.489895 -2.205022 1.000000 -0.985161 -0.001798 0.171621
-0.011511 0.774501 0.498081 -2.241698 0.992705 -0.985118 -0.001356 0.171872
0.175411 0.769998 0.457108 -2.037174 0.156175 0.985163 0.001506 -0.171616
0.175420 0.760408 0.457108 -2.037174 0.156175 0.985164 0.000925 -0.171616
0.173972 0.774793 0.448922 -2.000498 0.163470 0.985076 0.001796 -0.172112
0.176823 0.774802 0.465294 -2.073851 0.148880 0.985249 0.001797 -0.171120
-0.011123 0.774501 0.481789 -2.168345 0.992705 0.190063 -0.499646 -0.845121
-0.199467 0.759807 0.448118 -2.037174 1.843825 0.349602 -0.506645 -0.788092
-0.197674 0.774201 0.440012 -2.000498 1.836530 0.190063 -0.499629 -0.845131
-0.014761 0.774493 0.498011 -2.241698 1.007296 -0.001565 0.999999 -0.000089
-0.011123 0.774501 0.481789 -2.168345 0.992705 -0.001643 0.999999 0.000156
-0.197674 0.774201 0.440012 -2.000498 1.836530 -0.001565 0.999999 -0.000089
-0.201313 0.774201 0.456225 -2.073850 1.851121 -0.001488 0.999999 -0.000334
-0.014761 0.774493 0.498011 -2.241698 1.007296 -0.188448 -0.500765 0.844821
-0.201313 0.774201 0.456225 -2.073850 1.851121 -0.188457 -0.500467 0.844995
-0.199467 0.759807 0.448118 -2.037174 1.843825 -0.347946 -0.507840 0.788056
-0.199485 0.769406 0.448118 -2.037174 1.843825 -0.975727 -0.001779 -0.218984
-0.197674 0.774201 0.440012 -2.000498 1.836530 -0.975727 -0.001779 -0.218984
-0.199467 0.759807 0.448118 -2.037174 1.843825 -0.975727 -0.001779 -0.218984
-0.201313 0.774201 0.456225 -2.073850 1.851121 -0.975728 -0.001769 -0.218978
-0.012933 0.769698 0.489895 -2.205022 1.000000 0.975760 0.001732 0.218835
-0.012916 0.760108 0.489895 -2.205022 1.000000 0.975760 0.001781 0.218835
-0.011123 0.774501 0.481789 -2.168345 0.992705 0.975751 0.001708 0.218876
-0.014761 0.774493 0.498011 -2.241698 1.007296 0.975770 0.001708 0.218794
-0.194716 0.774210 0.441319 -2.006081 1.823050 0.499102 -0.499021 -0.708431
-0.355836 0.759560 0.338127 -1.559186 2.559186 0.584258 -0.505413 -0.634981
-0.351076 0.773963 0.331336 -1.528093 2.538410 0.499116 -0.498965 -0.708461
-0.204270 0.774192 0.454918 -2.068267 1.864601 -0.001682 0.999999 0.000142
-0.194716 0.774210 0.441319 -2.006081 1.823050 -0.001682 0.999999 0.000142
-0.351076 0.773963 0.331336 -1.528093 2.538410 -0.001682 0.999999 0.000142
-0.360640 0.773945 0.344927 -1.590278 2.579961 -0.001662 0.999999 0.000118
-0.204270 0.774192 0.454918 -2.068267 1.864601 -0.497421 -0.500909 0.708282
-0.360640 0.773945 0.344927 -1.590278 2.579961 -0.497421 -0.500909 0.708282
-0.355836 0.759560 0.338127 -1.559186 2.559186 -0.661336 -0.507519 0.552322
-0.355853 0.769158 0.338127 -1.559186 2.559186 -0.817801 -0.001084 -0.575501
-0.351076 0.773963 0.331336 -1.528093 2.538410 -0.817577 -0.000859 -0.575819
-0.355836 0.759560 0.338127 -1.559186 2.559186 -0.817800 -0.001534 -0.575501
-0.360640 0.773945 0.344927 -1.590278 2.579961 -0.818025 -0.000860 -0.575182
-0.199485 0.769406 0.448118 -2.037174 1.843825 0.818234 0.001492 0.574883
-0.199467 0.759807 0.448118 -2.037174 1.843825 0.818234 0.001492 0.574883
-0.194716 0.774210 0.441319 -2.006081 1.823050 0.818234 0.001492 0.574883
-0.204270 0.774192 0.454918 -2.068267 1.864601 0.818234 0.001493 0.574884
-0.360445 0.769150 0.329711 -1.521791 2.580776 0.520267 0.000824 -0.854003
-0.346255 0.769168 0.338357 -1.559186 2.516006 0.520267 0.000824 -0.854003
-0.343747 -0.813401 0.338357 -1.559186 2.516006 0.520267 0.000824 -0.854003
-0.357938 -0.813419 0.329712 -1.521791 2.580776 0.520267 0.000824 -0.854003
-0.360843 0.769150 0.346322 -1.596581 2.580776 -0.999713 -0.001584 -0.023924
-0.360445 0.769150 0.329711 -1.521791 2.580776 -0.999713 -0.001584 -0.023924
-0.357938 -0.813419 0.329712 -1.521791 2.580776 -0.999713 -0.001584 -0.023924
-0.358335 -0.813427 0.346322 -1.596581 2.580776 -0.999713 -0.001584 -0.023895
-0.346255 0.769168 0.338357 -1.559186 2.516006 0.479218 0.000760 0.877696
-0.360843 0.769150 0.346322 -1.596581 2.580776 0.479218 0.000760 0.877696
-0.358335 -0.813427 0.346322 -1.596581 2.580776 0.479218 0.000760 0.877696
-0.343747 -0.813401 0.338357 -1.559186 2.516006 0.479230 0.000760 0.877689
-0.353337 -0.813419 0.338127 -1.559186 2.559186 0.001558 -0.999999 -0.000475
-0.357938 -0.813419 0.329712 -1.521791 2.580776 0.001399 -0.999999 -0.000765
-0.343747 -0.813401 0.338357 -1.559186 2.516006 0.001888 -0.999998 -0.000467
-0.358335 -0.813427 0.346322 -1.596581 2.580776 0.001386 -0.999999 -0.000192
-0.355853 0.769158 0.338127 -1.559186 2.559186 -0.001216 0.999999 -0.000029
-0.346255 0.769168 0.338357 -1.559186 2.516006 -0.000937 1.000000 -0.000023
-0.360445 0.769150 0.329711 -1.521791 2.580776 -0.001349 0.999999 -0.000274
-0.360843 0.769150 0.346322 -1.596581 2.580776 -0.001361 0.999999 0.000209
-0.348842 0.773963 0.333676 -1.538410 2.528093 0.732186 -0.498835 -0.463753
-0.458207 0.759401 0.176672 -0.843825 3.037174 0.804581 -0.506142 -0.310595
-0.451213 0.773803 0.172222 -0.823049 3.006082 0.732186 -0.498835 -0.463753
-0.362874 0.773945 0.342577 -1.579961 2.590279 -0.001576 0.999999 -0.000013
-0.348842 0.773963 0.333676 -1.538410 2.528093 -0.001335 0.999999 -0.000138
-0.451213 0.773803 0.172222 -0.823049 3.006082 -0.001576 0.999999 -0.000013
-0.465245 0.773777 0.181122 -0.864601 3.068267 -0.001818 0.999998 0.000112
-0.362874 0.773945 0.342577 -1.579961 2.590279 -0.730679 -0.500988 0.463810
-0.465245 0.773777 0.181122 -0.864601 3.068267 -0.730628 -0.501105 0.463764
-0.458207 0.759401 0.176672 -0.843825 3.037174 -0.802951 -0.508738 0.310573
-0.458224 0.768991 0.176672 -0.843825 3.037174 -0.535669 -0.000828 -0.844428
-0.451213 0.773803 0.172222 -0.823049 3.006082 -0.535539 -0.000740 -0.844510
-0.458207 0.759401 0.176672 -0.843825 3.037174 -0.535668 -0.001005 -0.844428
-0.465245 0.773777 0.181122 -0.864601 3.068267 -0.535798 -0.000740 -0.844346
-0.355853 0.769158 0.338127 -1.559186 2.559186 0.535669 0.000828 0.844428
-0.355836 0.759560 0.338127 -1.559186 2.559186 0.535669 0.001005 0.844428
-0.348842 0.773963 0.333676 -1.538410 2.528093 0.535540 0.000739 0.844510
-0.362874 0.773945 0.342577 -1.579961 2.590279 0.535798 0.000740 0.844346
-0.450039 0.773803 0.175250 -0.836530 3.000498 0.853929 -0.498741 -0.148537
-0.490994 0.759348 -0.011664 0.000000 3.205022 0.862303 -0.505084 -0.036395
-0.482835 0.773751 -0.013094 0.007296 3.168345 0.854015 -0.498584 -0.148568
-0.466419 0.773777 0.178102 -0.851120 3.073851 -0.001618 0.999999 0.000000
-0.450039 0.773803 0.175250 -0.836530 3.000498 -0.001618 0.999999 0.000000
-0.482835 0.773751 -0.013094 0.007296 3.168345 -0.001618 0.999999 0.000000
-0.499206 0.773724 -0.010242 -0.007295 3.241698 -0.001619 0.999999 0.000000
-0.466419 0.773777 0.178102 -0.851120 3.073851 -0.852243 -0.501628 0.148500
-0.499206 0.773724 -0.010242 -0.007295 3.241698 -0.852243 -0.501628 0.148500
-0.490994 0.759348 -0.011664 0.000000 3.205022 -0.857905 -0.507908 -0.077649
-0.491011 0.768938 -0.011664 0.000000 3.205022 -0.171649 -0.000604 -0.985158
-0.482835 0.773751 -0.013094 0.007296 3.168345 -0.171897 -0.000750 -0.985115
-0.490994 0.759348 -0.011664 0.000000 3.205022 -0.171649 -0.000313 -0.985158
-0.499206 0.773724 -0.010242 -0.007295 3.241698 -0.171400 -0.000749 -0.985201
-0.458224 0.768991 0.176672 -0.843825 3.037174 0.171529 -0.000008 0.985179
-0.458207 0.759401 0.176672 -0.843825 3.037174 0.171529 0.000322 0.985179
-0.450039 0.773803 0.175250 -0.836530 3.000498 0.171248 -0.000174 0.985228
-0.466419 0.773777 0.178102 -0.851120 3.073851 0.171811 -0.000173 0.985130
-0.482914 0.773751 -0.009853 -0.007295 3.168345 0.845941 -0.498555 0.189280
-0.449217 0.759410 -0.198224 0.843826 3.037174 0.810664 -0.505156 0.296042
-0.441128 0.773821 -0.196404 0.836530 3.000498 0.845864 -0.498687 0.189276
-0.499127 0.773724 -0.013483 0.007296 3.241698 -0.001637 0.999999 0.000011
-0.482914 0.773751 -0.009853 -0.007295 3.168345 -0.001637 0.999999 0.000011
-0.441128 0.773821 -0.196404 0.836530 3.000498 -0.001637 0.999999 0.000011
-0.457350 0.773795 -0.200034 0.851121 3.073850 -0.001636 0.999999 0.000011
-0.499127 0.773724 -0.013483 0.007296 3.241698 -0.844189 -0.501531 -0.189241
-0.457350 0.773795 -0.200034 0.851121 3.073850 -0.844286 -0.501365 -0.189245
-0.449217 0.759410 -0.198224 0.843826 3.037174 -0.762926 -0.507571 -0.400394
-0.449235 0.769008 -0.198224 0.843826 3.037174 0.218346 0.000652 -0.975871
-0.441128 0.773821 -0.196404 0.836530 3.000498 0.218561 0.000779 -0.975823
-0.449217 0.759410 -0.198224 0.843826 3.037174 0.218347 0.000398 -0.975871
-0.457350 0.773795 -0.200034 0.851121 3.073850 0.218132 0.000778 -0.975919
-0.491011 0.768938 -0.011664 0.000000 3.205022 -0.218456 -0.000114 0.975847
-0.490994 0.759348 -0.011664 0.000000 3.205022 -0.218456 -0.000399 0.975847
-0.482914 0.773751 -0.009853 -0.007295 3.168345 -0.218216 0.000028 0.975900
-0.499127 0.773724 -0.013483 0.007296 3.241698 -0.218697 0.000027 0.975793
-0.442445 0.773813 -0.193438 0.823050 3.006082 0.709116 -0.498897 0.498253
-0.339226 0.759587 -0.354584 1.559186 2.559186 0.709116 -0.498897 0.498253
-0.332452 0.773989 -0.349806 1.538410 2.528093 0.709174 -0.498787 0.498281
-0.456035 0.773795 -0.203001 0.864601 3.068267 -0.001417 0.999999 0.000132
-0.442445 0.773813 -0.193438 0.823050 3.006082 -0.001417 0.999999 0.000132
-0.332452 0.773989 -0.349806 1.538410 2.528093 -0.001417 0.999999 0.000132
-0.346052 0.773972 -0.359361 1.579961 2.590278 -0.001394 0.999999 0.000152
-0.456035 0.773795 -0.203001 0.864601 3.068267 -0.707668 -0.500867 -0.498336
-0.346052 0.773972 -0.359361 1.579961 2.590278 -0.707580 -0.501033 -0.498295
-0.339226 0.759587 -0.354584 1.559186 2.559186 -0.707491 -0.501198 -0.498253
-0.339243 0.769185 -0.354584 1.559186 2.559186 0.574874 0.001078 -0.818241
-0.332452 0.773989 -0.349806 1.538410 2.528093 0.574874 0.001078 -0.818241
-0.339226 0.759587 -0.354584 1.559186 2.559186 0.574874 0.001078 -0.818241
-0.346052 0.773972 -0.359361 1.579961 2.590278 0.574902 0.001019 -0.818222
-0.449235 0.769008 -0.198224 0.843826 3.037174 -0.575479 -0.001135 0.817816
-0.449217 0.759410 -0.198224 0.843826 3.037174 -0.575479 -0.001049 0.817816
-0.442445 0.773813 -0.193438 0.823050 3.006082 -0.575539 -0.001179 0.817773
-0.456035 0.773795 -0.203001 0.864601 3.068267 -0.575418 -0.001178 0.817859
-0.343844 0.769177 -0.363008 1.596581 2.580775 0.520662 0.000828 -0.853763
-0.329653 0.769194 -0.354354 1.559186 2.516006 0.520662 0.000828 -0.853763
-0.327137 -0.813375 -0.354353 1.559186 2.516006 0.520662 0.000828 -0.853763
-0.341328 -0.813392 -0.363007 1.596581 2.580775 0.520662 0.000828 -0.853763
-0.344241 0.769177 -0.346389 1.521791 2.580775 -0.999713 -0.001590 -0.023912
-0.343844 0.769177 -0.363008 1.596581 2.580775 -0.999713 -0.001590 -0.023912
-0.341328 -0.813392 -0.363007 1.596581 2.580775 -0.999713 -0.001590 -0.023912
-0.341724 -0.813402 -0.346388 1.521791 2.580775 -0.999714 -0.001590 -0.023882
-0.329653 0.769194 -0.354354 1.559186 2.516006 0.479218 0.000762 0.877696
-0.344241 0.769177 -0.346389 1.521791 2.580775 0.479218 0.000762 0.877696
-0.341724 -0.813402 -0.346388 1.521791 2.580775 0.479218 0.000762 0.877696
-0.327137 -0.813375 -0.354353 1.559186 2.516006 0.479230 0.000762 0.877689
-0.336726 -0.813392 -0.354584 1.559186 2.559186 0.001541 -0.999999 -0.000505
-0.341328 -0.813392 -0.363007 1.596581 2.580775 0.001400 -0.999999 -0.000764
-0.327137 -0.813375 -0.354353 1.559186 2.516006 0.001837 -0.999998 -0.000498
-0.341724 -0.813402 -0.346388 1.521791 2.580775 0.001387 -0.999999 -0.000252
-0.339243 0.769185 -0.354584 1.559186 2.559186 -0.001215 0.999999 -0.000029
-0.329653 0.769194 -0.354354 1.559186 2.516006 -0.000938 1.000000 -0.000022
-0.343844 0.769177 -0.363008 1.596581 2.580775 -0.001348 0.999999 -0.000273
-0.344241 0.769177 -0.346389 1.521791 2.580775 -0.001360 0.999999 0.000208
-0.343685 0.764382 -0.361604 1.590279 2.579961 -0.464482 0.499439 -0.731312
-0.339261 0.778775 -0.354584 1.559186 2.559186 -0.464482 0.499439 -0.731312
-0.177806 0.779031 -0.456954 2.037174 1.843825 -0.311379 0.506891 -0.803806
-0.182230 0.764637 -0.463975 2.068267 1.864600 -0.464482 0.499439 -0.731312
-0.334784 0.764390 -0.347564 1.528093 2.538410 0.001421 -0.999999 -0.000260
-0.343685 0.764382 -0.361604 1.590279 2.579961 0.001421 -0.999999 -0.000260
-0.182230 0.764637 -0.463975 2.068267 1.864600 0.001421 -0.999999 -0.000260
-0.173329 0.764647 -0.449935 2.006082 1.823049 0.001421 -0.999999 -0.000260
-0.339261 0.778775 -0.354584 1.559186 2.559186 0.462881 0.500954 0.731291
-0.334784 0.764390 -0.347564 1.528093 2.538410 0.462881 0.500954 0.731291
-0.173329 0.764647 -0.449935 2.006082 1.823049 0.462881 0.500954 0.731291
-0.177806 0.779031 -0.456954 2.037174 1.843825 0.309750 0.507971 0.803754
-0.177788 0.769441 -0.456954 2.037174 1.843825 0.844545 0.001585 -0.535482
-0.182230 0.764637 -0.463975 2.068267 1.864600 0.844545 0.001585 -0.535482
-0.177806 0.779031 -0.456954 2.037174 1.843825 0.844545 0.001585 -0.535482
-0.173329 0.764647 -0.449935 2.006082 1.823049 0.844559 0.001540 -0.535460
-0.339243 0.769185 -0.354584 1.559186 2.559186 -0.844586 -0.001541 0.535418
-0.339261 0.778775 -0.354584 1.559186 2.559186 -0.844586 -0.001541 0.535418
-0.343685 0.764382 -0.361604 1.590279 2.579961 -0.844586 -0.001541 0.535418
-0.334784 0.764390 -0.347564 1.528093 2.538410 -0.844573 -0.001584 0.535438
-0.176358 0.764647 -0.448769 2.000498 1.836529 0.147716 0.500371 0.853117
0.011987 0.764946 -0.481556 2.168345 0.992705 0.147716 0.500371 0.853117
-0.177788 0.769441 -0.456954 2.037174 1.843825 -0.985157 -0.001521 0.171650
-0.177806 0.779031 -0.456954 2.037174 1.843825 -0.985156 -0.001849 0.171650
-0.179210 0.764637 -0.465140 2.073851 1.851120 -0.985108 -0.001356 0.171931
-0.176358 0.764647 -0.448769 2.000498 1.836529 -0.985206 -0.001356 0.171370
-0.262808 0.812825 -0.228300 0.000000 0.000000 -0.147927 0.959855 -0.238320
-0.138361 0.832225 -0.227408 0.000000 1.000000 -0.147927 0.959855 -0.238320
-0.257483 0.784091 -0.347334 1.000000 0.000000 -0.147927 0.959855 -0.238320
-0.133026 0.803500 -0.346450 1.000000 1.000000 -0.148000 0.959861 -0.238250
0.132893 0.838998 -0.230825 0.000000 0.000000 0.202536 0.951330 -0.232274
0.256236 0.814211 -0.224794 0.000000 1.000000 0.202536 0.951330 -0.232274
0.132875 0.809929 -0.349903 1.000000 0.000000 0.202536 0.951330 -0.232274
0.256218 0.785142 -0.343872 1.000000 1.000000 0.202537 0.951330 -0.232274
-0.136118 0.830698 0.260384 0.000000 0.000000 -0.195546 0.945340 0.260948
-0.259646 0.806989 0.253709 0.000000 1.000000 -0.195546 0.945340 0.260948
-0.136241 0.798061 0.378526 1.000000 0.000000 -0.195546 0.945340 0.260948
-0.259769 0.774351 0.371850 1.000000 1.000000 -0.195550 0.945338 0.260951
0.135683 0.831060 0.260402 0.000000 0.000000 0.164975 0.951138 0.260997
0.136840 0.798441 0.378544 1.000000 0.000000 0.164975 0.951138 0.260997
0.259900 0.811342 0.253744 0.000000 1.000000 0.164975 0.951138 0.260997
0.261066 0.778722 0.371885 1.000000 1.000000 0.164965 0.951143 0.260987
-0.424642 0.785768 0.073612 0.000000 0.000000 -0.283721 0.958907 -0.000020
-0.303860 0.821506 0.073621 0.000000 1.000000 -0.283721 0.958907 -0.000020
-0.424634 0.785768 -0.048954 1.000000 0.000000 -0.283721 0.958907 -0.000020
-0.303851 0.821506 -0.048946 1.000000 1.000000 -0.283720 0.958907 -0.000021
0.314172 0.827148 0.073665 0.000000 0.000000 0.338769 0.940870 0.000023
0.432676 0.784480 0.073674 0.000000 1.000000 0.338769 0.940870 0.000023
0.314180 0.827148 -0.048910 1.000000 0.000000 0.338769 0.940870 0.000023
0.432685 0.784470 -0.048901 1.000000 1.000000 0.338831 0.940847 -0.000044
0.001205 -0.887329 -0.000926 0.000000 1.000000 0.002920 -0.999996 0.000617
0.093703 -0.886915 0.233867 0.000000 0.000000 0.065802 -0.984843 0.160484
-0.009789 -0.887206 0.251192 1.000000 0.000000 -0.004632 -0.985037 0.172281
-0.009789 -0.887206 0.251192 0.000000 0.000000 -0.004632 -0.985037 0.172281
-0.111384 -0.887515 0.224931 1.000000 0.000000 -0.073844 -0.985245 0.154399
-0.111384 -0.887515 0.224931 0.000000 0.000000 -0.073844 -0.985245 0.154399
-0.193515 -0.887788 0.159603 1.000000 0.000000 -0.129785 -0.985431 0.109917
-0.193515 -0.887788 0.159603 0.000000 0.000000 -0.129785 -0.985431 0.109917
-0.241968 -0.887983 0.066531 1.000000 0.000000 -0.162773 -0.985566 0.046520
-0.241968 -0.887983 0.066531 0.000000 0.000000 -0.162773 -0.985566 0.046520
-0.248379 -0.888062 -0.038216 1.000000 0.000000 -0.167130 -0.985623 -0.024808
-0.248379 -0.888062 -0.038216 0.000000 0.000000 -0.167130 -0.985623 -0.024808
-0.211635 -0.888018 -0.136508 1.000000 0.000000 -0.142123 -0.985590 -0.091728
-0.211635 -0.888018 -0.136508 0.000000 0.000000 -0.142123 -0.985590 -0.091728
-0.138087 -0.887850 -0.211354 1.000000 0.000000 -0.092028 -0.985478 -0.142700
-0.138087 -0.887850 -0.211354 0.000000 0.000000 -0.092028 -0.985478 -0.142700
-0.040458 -0.887594 -0.249819 1.000000 0.000000 -0.025551 -0.985305 -0.168879
-0.040458 -0.887594 -0.249819 0.000000 0.000000 -0.025551 -0.985305 -0.168879
0.064377 -0.887294 -0.245245 1.000000 0.000000 0.045834 -0.985098 -0.165777
0.064377 -0.887294 -0.245245 0.000000 0.000000 0.045834 -0.985098 -0.165777
0.158289 -0.886994 -0.198435 1.000000 0.000000 0.109795 -0.984895 -0.133891
0.158289 -0.886994 -0.198435 0.000000 0.000000 0.109795 -0.984895 -0.133891
0.225047 -0.886756 -0.117460 1.000000 0.000000 0.155247 -0.984730 -0.078771
0.225047 -0.886756 -0.117460 0.000000 0.000000 0.155247 -0.984730 -0.078771
0.253092 -0.886614 -0.016343 1.000000 0.000000 0.174350 -0.984634 -0.009902
0.253092 -0.886614 -0.016343 0.000000 0.000000 0.174350 -0.984634 -0.009902
0.237586 -0.886597 0.087441 1.000000 0.000000 0.163792 -0.984621 0.060776
0.237586 -0.886597 0.087441 0.000000 0.000000 0.163792 -0.984621 0.060776
0.181213 -0.886702 0.175948 1.000000 0.000000 0.125400 -0.984693 0.121055
0.181213 -0.886702 0.175948 0.000000 0.000000 0.125400 -0.984693 0.121055
0.093703 -0.886915 0.233867 1.000000 0.000000 0.065802 -0.984843 0.160484
0.093703 -0.886915 0.233867 0.000000 1.000000 0.065802 -0.984843 0.160484
0.169141 -0.812218 0.425849 0.000000 0.000000 0.126963 -0.940239 0.315961
-0.018991 -0.812739 0.457338 1.000000 0.000000 -0.012076 -0.940625 0.339233
-0.009789 -0.887206 0.251192 1.000000 1.000000 -0.004632 -0.985037 0.172281
-0.009789 -0.887206 0.251192 0.000000 1.000000 -0.004632 -0.985037 0.172281
-0.018991 -0.812739 0.457338 0.000000 0.000000 -0.012076 -0.940625 0.339233
-0.203679 -0.813295 0.409592 1.000000 0.000000 -0.148564 -0.941030 0.303959
-0.111384 -0.887515 0.224931 1.000000 1.000000 -0.073844 -0.985245 0.154399
-0.111384 -0.887515 0.224931 0.000000 1.000000 -0.073844 -0.985245 0.154399
-0.203679 -0.813295 0.409592 0.000000 0.000000 -0.148564 -0.941030 0.303959
-0.352975 -0.813790 0.290849 1.000000 0.000000 -0.258891 -0.941393 0.216230
-0.193515 -0.887788 0.159603 1.000000 1.000000 -0.129785 -0.985431 0.109917
-0.193515 -0.887788 0.159603 0.000000 1.000000 -0.129785 -0.985431 0.109917
-0.352975 -0.813790 0.290849 0.000000 0.000000 -0.258891 -0.941393 0.216230
-0.441058 -0.814152 0.121649 1.000000 0.000000 -0.323969 -0.941661 0.091201
-0.241968 -0.887983 0.066531 1.000000 1.000000 -0.162773 -0.985566 0.046520
-0.241968 -0.887983 0.066531 0.000000 1.000000 -0.162773 -0.985566 0.046520
-0.441058 -0.814152 0.121649 0.000000 0.000000 -0.323969 -0.941661 0.091201
-0.452714 -0.814302 -0.068751 1.000000 0.000000 -0.332568 -0.941778 -0.049523
-0.248379 -0.888062 -0.038216 1.000000 1.000000 -0.167130 -0.985623 -0.024808
-0.248379 -0.888062 -0.038216 0.000000 1.000000 -0.167130 -0.985623 -0.024808
-0.452714 -0.814302 -0.068751 0.000000 0.000000 -0.332568 -0.941778 -0.049523
-0.385921 -0.814214 -0.247435 1.000000 0.000000 -0.283216 -0.941713 -0.181563
-0.211635 -0.888018 -0.136508 1.000000 1.000000 -0.142123 -0.985590 -0.091728
-0.211635 -0.888018 -0.136508 0.000000 1.000000 -0.142123 -0.985590 -0.091728
-0.385921 -0.814214 -0.247435 0.000000 0.000000 -0.283216 -0.941713 -0.181563
-0.252229 -0.813913 -0.383503 1.000000 0.000000 -0.184439 -0.941493 -0.282088
-0.138087 -0.887850 -0.211354 1.000000 1.000000 -0.092028 -0.985478 -0.142700
-0.138087 -0.887850 -0.211354 0.000000 1.000000 -0.092028 -0.985478 -0.142700
-0.252229 -0.813913 -0.383503 0.000000 0.000000 -0.184439 -0.941493 -0.282088
-0.074746 -0.813454 -0.453422 1.000000 0.000000 -0.053270 -0.941157 -0.333746
-0.040458 -0.887594 -0.249819 1.000000 1.000000 -0.025551 -0.985305 -0.168879
-0.040458 -0.887594 -0.249819 0.000000 1.000000 -0.025551 -0.985305 -0.168879
-0.074746 -0.813454 -0.453422 0.000000 0.000000 -0.053270 -0.941157 -0.333746
0.115832 -0.812898 -0.445113 1.000000 0.000000 0.087562 -0.940744 -0.327617
0.064377 -0.887294 -0.245245 1.000000 1.000000 0.045834 -0.985098 -0.165777
0.064377 -0.887294 -0.245245 0.000000 1.000000 0.045834 -0.985098 -0.165777
0.115832 -0.812898 -0.445113 0.000000 0.000000 0.087562 -0.940744 -0.327617
0.286550 -0.812360 -0.360005 1.000000 0.000000 0.213705 -0.940344 -0.264731
0.158289 -0.886994 -0.198435 1.000000 1.000000 0.109795 -0.984895 -0.133891
0.158289 -0.886994 -0.198435 0.000000 1.000000 0.109795 -0.984895 -0.133891
0.286550 -0.812360 -0.360005 0.000000 0.000000 0.213705 -0.940344 -0.264731
0.407898 -0.811918 -0.212820 1.000000 0.000000 0.303382 -0.940018 -0.155968
0.225047 -0.886756 -0.117460 1.000000 1.000000 0.155247 -0.984730 -0.078771
0.225047 -0.886756 -0.117460 0.000000 1.000000 0.155247 -0.984730 -0.078771
0.407898 -0.811918 -0.212820 0.000000 0.000000 0.303382 -0.940018 -0.155968
0.458884 -0.811662 -0.028997 1.000000 0.000000 0.341061 -0.939825 -0.020140
0.253092 -0.886614 -0.016343 1.000000 1.000000 0.174350 -0.984634 -0.009902
0.253092 -0.886614 -0.016343 0.000000 1.000000 0.174350 -0.984634 -0.009902
0.458884 -0.811662 -0.028997 0.000000 0.000000 0.341061 -0.939825 -0.020140
0.430698 -0.811627 0.159664 1.000000 0.000000 0.320233 -0.939799 0.119285
0.237586 -0.886597 0.087441 1.000000 1.000000 0.163792 -0.984621 0.060776
0.237586 -0.886597 0.087441 0.000000 1.000000 0.163792 -0.984621 0.060776
0.430698 -0.811627 0.159664 0.000000 0.000000 0.320233 -0.939799 0.119285
0.328212 -0.811820 0.320555 1.000000 0.000000 0.244511 -0.939941 0.238172
0.181213 -0.886702 0.175948 1.000000 1.000000 0.125400 -0.984693 0.121055
0.181213 -0.886702 0.175948 0.000000 1.000000 0.125400 -0.984693 0.121055
0.328212 -0.811820 0.320555 0.000000 0.000000 0.244511 -0.939941 0.238172
0.169141 -0.812218 0.425849 1.000000 0.000000 0.126963 -0.940239 0.315961
0.093703 -0.886915 0.233867 1.000000 1.000000 0.065802 -0.984843 0.160484
-0.002681 0.837241 -0.232591 0.000000 1.000000 -0.001663 -0.000015 -0.999999
-0.002743 0.877967 -0.232592 0.000000 0.000000 -0.001666 -0.000009 -0.999999
0.076660 0.878091 -0.218727 1.000000 0.000000 0.340493 0.000568 -0.940247
0.076731 0.837373 -0.218727 1.000000 1.000000 0.340481 0.000594 -0.940251
0.076731 0.837373 -0.218727 0.000000 1.000000 0.340481 0.000594 -0.940251
0.076660 0.878091 -0.218727 0.000000 0.000000 0.340493 0.000568 -0.940247
0.146536 0.878205 -0.178532 1.000000 0.000000 0.641521 0.001114 -0.767104
0.146606 0.837480 -0.178532 1.000000 1.000000 0.685427 0.001133 -0.728140
0.146606 0.837480 -0.178532 0.000000 1.000000 0.685427 0.001133 -0.728140
0.146536 0.878205 -0.178532 0.000000 0.000000 0.641521 0.001114 -0.767104
0.198458 0.878285 -0.116869 1.000000 0.000000 0.834280 0.001324 -0.551340
0.198520 0.837568 -0.116869 1.000000 1.000000 0.865208 0.001317 -0.501412
0.198520 0.837568 -0.116869 0.000000 1.000000 0.865208 0.001317 -0.501412
0.198458 0.878285 -0.116869 0.000000 0.000000 0.834280 0.001324 -0.551340
0.226151 0.878329 -0.041166 1.000000 0.000000 0.984523 0.001493 -0.175251
0.226212 0.837612 -0.041166 1.000000 1.000000 0.984523 0.001487 -0.175248
0.226212 0.837612 -0.041166 0.000000 1.000000 0.984523 0.001487 -0.175248
0.226151 0.878329 -0.041166 0.000000 0.000000 0.984523 0.001493 -0.175251
0.226283 0.878329 0.039439 1.000000 0.000000 0.985090 0.001494 0.172031
0.226345 0.837612 0.039439 1.000000 1.000000 0.985091 0.001500 0.172028
0.226345 0.837612 0.039439 0.000000 1.000000 0.985091 0.001500 0.172028
0.226283 0.878329 0.039439 0.000000 0.000000 0.985090 0.001494 0.172031
0.198838 0.878285 0.115230 1.000000 0.000000 0.866858 0.001315 0.498553
0.198900 0.837568 0.115230 1.000000 1.000000 0.866857 0.001309 0.498555
0.198900 0.837568 0.115230 0.000000 1.000000 0.866857 0.001309 0.498555
0.198838 0.878285 0.115230 0.000000 0.000000 0.866858 0.001315 0.498553
0.147127 0.878205 0.177069 1.000000 0.000000 0.644057 0.000973 0.764977
0.147189 0.837480 0.177069 1.000000 1.000000 0.644057 0.000973 0.764977
0.147189 0.837480 0.177069 0.000000 1.000000 0.644057 0.000973 0.764977
0.147127 0.878205 0.177069 0.000000 0.000000 0.644057 0.000973 0.764977
0.077384 0.878091 0.217486 1.000000 0.000000 0.343559 0.000519 0.939131
0.077446 0.837373 0.217486 1.000000 1.000000 0.343559 0.000519 0.939131
0.077446 0.837373 0.217486 0.000000 1.000000 0.343559 0.000519 0.939131
0.077384 0.878091 0.217486 0.000000 0.000000 0.343559 0.000519 0.939131
-0.001975 0.877967 0.231615 1.000000 0.000000 0.001676 0.000003 0.999999
-0.001913 0.837250 0.231615 1.000000 1.000000 0.001676 0.000003 0.999999
-0.001913 0.837250 0.231615 0.000000 1.000000 0.001676 0.000003 0.999999
-0.001975 0.877967 0.231615 0.000000 0.000000 0.001676 0.000003 0.999999
-0.081387 0.877844 0.217751 1.000000 0.000000 -0.340440 -0.000517 0.940266
-0.081324 0.837117 0.217751 1.000000 1.000000 -0.340440 -0.000518 0.940266
-0.081324 0.837117 0.217751 0.000000 1.000000 -0.340440 -0.000518 0.940266
-0.081387 0.877844 0.217751 0.000000 0.000000 -0.340440 -0.000517 0.940266
-0.151261 0.877729 0.177564 1.000000 0.000000 -0.641519 -0.000977 0.767107
-0.151199 0.837012 0.177564 1.000000 1.000000 -0.641519 -0.000977 0.767107
-0.151199 0.837012 0.177564 0.000000 1.000000 -0.641519 -0.000977 0.767107
-0.151261 0.877729 0.177564 0.000000 0.000000 -0.641519 -0.000977 0.767107
-0.203176 0.877649 0.115901 1.000000 0.000000 -0.865183 -0.001317 0.501455
-0.203114 0.836924 0.115901 1.000000 1.000000 -0.893124 -0.001426 0.449808
-0.203114 0.836924 0.115901 0.000000 1.000000 -0.893124 -0.001426 0.449808
-0.203176 0.877649 0.115901 0.000000 0.000000 -0.865183 -0.001317 0.501455
-0.230877 0.877605 0.040197 1.000000 0.000000 -0.972536 -0.001617 0.232746
-0.230806 0.836879 0.040197 1.000000 1.000000 -0.984522 -0.001704 0.175254
-0.230806 0.836879 0.040197 0.000000 1.000000 -0.984522 -0.001704 0.175254
-0.230877 0.877605 0.040197 0.000000 0.000000 -0.972536 -0.001617 0.232746
-0.231009 0.877605 -0.040415 1.000000 0.000000 -0.985090 -0.001705 -0.172030
-0.230938 0.836879 -0.040415 1.000000 1.000000 -0.985090 -0.001705 -0.172030
-0.230938 0.836879 -0.040415 0.000000 1.000000 -0.985090 -0.001705 -0.172030
-0.231009 0.877605 -0.040415 0.000000 0.000000 -0.985090 -0.001705 -0.172030
-0.203564 0.877649 -0.116207 1.000000 0.000000 -0.866837 -0.001501 -0.498589
-0.203493 0.836924 -0.116207 1.000000 1.000000 -0.836102 -0.001393 -0.548573
-0.203493 0.836924 -0.116207 0.000000 1.000000 -0.836102 -0.001393 -0.548573
-0.203564 0.877649 -0.116207 0.000000 0.000000 -0.866837 -0.001501 -0.498589
-0.151844 0.877729 -0.178046 1.000000 0.000000 -0.687820 -0.001101 -0.725880
-0.151782 0.837012 -0.178046 1.000000 1.000000 -0.644055 -0.000981 -0.764978
-0.151782 0.837012 -0.178046 0.000000 1.000000 -0.644055 -0.000981 -0.764978
-0.151844 0.877729 -0.178046 0.000000 0.000000 -0.687820 -0.001101 -0.725880
-0.082102 0.877844 -0.218463 1.000000 0.000000 -0.343559 -0.000523 -0.939131
-0.082040 0.837117 -0.218463 1.000000 1.000000 -0.343559 -0.000523 -0.939131
-0.082040 0.837117 -0.218463 0.000000 1.000000 -0.343559 -0.000523 -0.939131
-0.082102 0.877844 -0.218463 0.000000 0.000000 -0.343559 -0.000523 -0.939131
-0.002743 0.877967 -0.232592 1.000000 0.000000 -0.001666 -0.000009 -0.999999
-0.002681 0.837241 -0.232591 1.000000 1.000000 -0.001663 -0.000015 -0.999999
-0.002363 0.877967 -0.000484 0.560000 0.970000 -0.001556 0.999999 0.000003
0.076660 0.878091 -0.218727 0.560000 1.000000 -0.001594 0.999999 -0.000011
-0.002743 0.877967 -0.232592 0.000000 1.000000 -0.001556 0.999999 0.000003
0.146536 0.878205 -0.178532 0.560000 1.000000 -0.001599 0.999999 0.000002
0.076660 0.878091 -0.218727 0.000000 1.000000 -0.001594 0.999999 -0.000011
0.198458 0.878285 -0.116869 0.560000 1.000000 -0.001575 0.999999 0.000014
0.146536 0.878205 -0.178532 0.000000 1.000000 -0.001599 0.999999 0.000002
0.226151 0.878329 -0.041166 0.560000 1.000000 -0.001584 0.999999 0.000000
0.198458 0.878285 -0.116869 0.000000 1.000000 -0.001575 0.999999 0.000014
0.226283 0.878329 0.039439 0.560000 1.000000 -0.001584 0.999999 0.000005
0.226151 0.878329 -0.041166 0.000000 1.000000 -0.001584 0.999999 0.000000
0.198838 0.878285 0.115230 0.560000 1.000000 -0.001575 0.999999 -0.000009
0.226283 0.878329 0.039439 0.000000 1.000000 -0.001584 0.999999 0.000005
0.147127 0.878205 0.177069 0.560000 1.000000 -0.001597 0.999999 0.000001
0.198838 0.878285 0.115230 0.000000 1.000000 -0.001575 0.999999 -0.000009
0.077384 0.878091 0.217486 0.560000 1.000000 -0.001594 0.999999 0.000014
0.147127 0.878205 0.177069 0.000000 1.000000 -0.001597 0.999999 0.000001
-0.001975 0.877967 0.231615 0.560000 1.000000 -0.001559 0.999999 0.000003
0.077384 0.878091 0.217486 0.000000 1.000000 -0.001594 0.999999 0.000014
-0.081387 0.877844 0.217751 0.560000 1.000000 -0.001594 0.999999 -0.000011
-0.001975 0.877967 0.231615 0.000000 1.000000 -0.001559 0.999999 0.000003
-0.151261 0.877729 0.177564 0.560000 1.000000 -0.001599 0.999999 0.000002
-0.081387 0.877844 0.217751 0.000000 1.000000 -0.001594 0.999999 -0.000011
-0.203176 0.877649 0.115901 0.560000 1.000000 -0.001575 0.999999 0.000014
-0.151261 0.877729 0.177564 0.000000 1.000000 -0.001599 0.999999 0.000002
-0.230877 0.877605 0.040197 0.560000 1.000000 -0.001584 0.999999 0.000001
-0.203176 0.877649 0.115901 0.000000 1.000000 -0.001575 0.999999 0.000014
-0.231009 0.877605 -0.040415 0.560000 1.000000 -0.001584 0.999999 0.000005
-0.230877 0.877605 0.040197 0.000000 1.000000 -0.001584 0.999999 0.000001
-0.203564 0.877649 -0.116207 0.560000 1.000000 -0.001575 0.999999 -0.000009
-0.231009 0.877605 -0.040415 0.000000 1.000000 -0.001584 0.999999 0.000005
-0.151844 0.877729 -0.178046 0.560000 1.000000 -0.001599 0.999999 0.000003
-0.203564 0.877649 -0.116207 0.000000 1.000000 -0.001575 0.999999 -0.000009
-0.082102 0.877844 -0.218463 0.560000 1.000000 -0.001594 0.999999 0.000016
-0.151844 0.877729 -0.178046 0.000000 1.000000 -0.001599 0.999999 0.000003
-0.002743 0.877967 -0.232592 0.560000 1.000000 -0.001556 0.999999 0.000003
-0.082102 0.877844 -0.218463 0.000000 1.000000 -0.001594 0.999999 0.000016
0.167216 0.774334 0.426387 0.000000 1.000000 0.103958 0.957169 0.270224
0.082673 0.844164 0.211561 0.000000 0.000000 0.103967 0.957173 0.270206
-0.010576 0.843908 0.227173 1.000000 0.000000 -0.015371 0.956899 0.290013
-0.020916 0.773821 0.457885 1.000000 1.000000 -0.035850 0.956664 0.288980
-0.020916 0.773821 0.457885 0.000000 1.000000 -0.035850 0.956664 0.288980
-0.010576 0.843908 0.227173 0.000000 0.000000 -0.015371 0.956899 0.290013
-0.102111 0.843634 0.203499 1.000000 0.000000 -0.113727 0.956537 0.268521
-0.206239 0.773256 0.410166 1.000000 1.000000 -0.132056 0.956734 0.259271
-0.206239 0.773256 0.410166 0.000000 1.000000 -0.132056 0.956734 0.259271
-0.102111 0.843634 0.203499 0.000000 0.000000 -0.113727 0.956537 0.268521
-0.176111 0.843387 0.144644 1.000000 0.000000 -0.226224 0.956590 0.183732
-0.355553 0.772761 0.291440 1.000000 1.000000 -0.226190 0.956597 0.183738
-0.355553 0.772761 0.291440 0.000000 1.000000 -0.226190 0.956597 0.183738
-0.176111 0.843387 0.144644 0.000000 0.000000 -0.226224 0.956590 0.183732
-0.219768 0.843210 0.060782 1.000000 0.000000 -0.281444 0.956504 0.076739
-0.443672 0.772400 0.122259 1.000000 1.000000 -0.281428 0.956508 0.076750
-0.443672 0.772400 0.122259 0.000000 1.000000 -0.281428 0.956508 0.076750
-0.219768 0.843210 0.060782 0.000000 0.000000 -0.281444 0.956504 0.076739
-0.225552 0.843131 -0.033590 1.000000 0.000000 -0.288547 0.956487 -0.043277
-0.455355 0.772250 -0.068142 1.000000 1.000000 -0.288525 0.956495 -0.043242
-0.455355 0.772250 -0.068142 0.000000 1.000000 -0.288525 0.956495 -0.043242
-0.225552 0.843131 -0.033590 0.000000 0.000000 -0.288547 0.956487 -0.043277
-0.192438 0.843175 -0.122149 1.000000 0.000000 -0.246438 0.956552 -0.155813
-0.388587 0.772338 -0.246835 1.000000 1.000000 -0.246432 0.956559 -0.155775
-0.388587 0.772338 -0.246835 0.000000 1.000000 -0.246432 0.956559 -0.155775
-0.192438 0.843175 -0.122149 0.000000 0.000000 -0.246438 0.956552 -0.155813
-0.126174 0.843325 -0.189587 1.000000 0.000000 -0.162321 0.956675 -0.241712
-0.254913 0.772638 -0.382921 1.000000 1.000000 -0.162325 0.956679 -0.241695
-0.254913 0.772638 -0.382921 0.000000 1.000000 -0.162325 0.956679 -0.241695
-0.126174 0.843325 -0.189587 0.000000 0.000000 -0.162321 0.956675 -0.241712
-0.038206 0.843555 -0.224246 1.000000 0.000000 -0.050489 0.956831 -0.286225
-0.077439 0.773097 -0.452866 1.000000 1.000000 -0.050493 0.956833 -0.286220
-0.077439 0.773097 -0.452866 0.000000 1.000000 -0.050493 0.956833 -0.286220
-0.038206 0.843555 -0.224246 0.000000 0.000000 -0.050489 0.956831 -0.286225
0.056253 0.843828 -0.220123 1.000000 0.000000 0.069895 0.957064 -0.281325
0.113907 0.773653 -0.444566 1.000000 1.000000 0.069847 0.957074 -0.281300
0.113907 0.773653 -0.444566 0.000000 1.000000 0.069847 0.957074 -0.281300
0.056253 0.843828 -0.220123 0.000000 0.000000 0.069895 0.957064 -0.281325
0.140866 0.844094 -0.177940 1.000000 0.000000 0.177951 0.957325 -0.227733
0.284625 0.774192 -0.359467 1.000000 1.000000 0.177932 0.957329 -0.227732
0.284625 0.774192 -0.359467 0.000000 1.000000 0.177932 0.957329 -0.227732
0.140866 0.844094 -0.177940 0.000000 0.000000 0.177951 0.957325 -0.227733
0.201010 0.844314 -0.104992 1.000000 0.000000 0.254988 0.957512 -0.134730
0.405973 0.774633 -0.212273 1.000000 1.000000 0.255007 0.957508 -0.134723
0.405973 0.774633 -0.212273 0.000000 1.000000 0.255007 0.957508 -0.134723
0.201010 0.844314 -0.104992 0.000000 0.000000 0.254988 0.957512 -0.134730
0.226283 0.844438 -0.013879 1.000000 0.000000 0.287567 0.957585 -0.018310
0.456960 0.774890 -0.028459 1.000000 1.000000 0.287553 0.957590 -0.018325
0.456960 0.774890 -0.028459 0.000000 1.000000 0.287553 0.957590 -0.018325
0.226283 0.844438 -0.013879 0.000000 0.000000 0.287567 0.957585 -0.018310
0.212313 0.844456 0.079626 1.000000 0.000000 0.269858 0.957553 0.101339
0.428773 0.774925 0.160203 1.000000 1.000000 0.269858 0.957553 0.101339
0.428773 0.774925 0.160203 0.000000 1.000000 0.269858 0.957553 0.101339
0.212313 0.844456 0.079626 0.000000 0.000000 0.269858 0.957553 0.101339
0.161512 0.844359 0.159373 1.000000 0.000000 0.204897 0.957406 0.203448
0.326287 0.774730 0.321093 1.000000 1.000000 0.204897 0.957408 0.203440
0.326287 0.774730 0.321093 0.000000 1.000000 0.204897 0.957408 0.203440
0.161512 0.844359 0.159373 0.000000 0.000000 0.204897 0.957406 0.203448
0.082673 0.844164 0.211561 1.000000 0.000000 0.103967 0.957173 0.270206
0.167216 0.774334 0.426387 1.000000 1.000000 0.103958 0.957169 0.270224
0.170465 -0.812209 0.427059 0.104431 0.000838 0.366826 0.001465 0.930289
0.165944 0.774334 0.426343 0.102751 0.998928 0.366844 0.001467 0.930281
-0.022187 0.773813 0.457894 -0.014194 0.998758 -0.043767 0.000326 0.999042
-0.017666 -0.812730 0.458610 -0.012732 0.000668 -0.114096 0.000164 0.993470
-0.017666 -0.812730 0.458610 1.727268 0.000668 -0.114096 0.000164 0.993470
-0.022187 0.773813 0.457894 1.725806 0.998758 -0.043767 0.000326 0.999042
-0.206249 0.773256 0.410166 1.609247 0.998639 -0.381871 -0.000539 0.924215
-0.202363 -0.813295 0.410917 1.610233 0.000548 -0.508080 -0.000829 0.861309
-0.355553 0.772761 0.291440 1.493273 0.998589 -0.724570 -0.001433 0.689200
-0.351694 -0.813790 0.292218 1.493616 0.000499 -0.771439 -0.001565 0.636302
-0.443672 0.772400 0.122259 1.377898 0.998620 -0.963571 -0.002207 0.267443
-0.439831 -0.814143 0.123045 1.377548 0.000530 -0.980045 -0.002267 0.198763
-0.455355 0.772258 -0.068142 1.262941 0.998724 -0.997007 -0.002438 -0.077277
-0.451549 -0.814293 -0.067348 1.261964 0.000634 -0.976162 -0.002444 -0.217027
-0.388587 0.772338 -0.246835 1.148104 0.998884 -0.879378 -0.002337 -0.476119
-0.384809 -0.814214 -0.246049 1.146668 0.000794 -0.843542 -0.002275 -0.537059
-0.254913 0.772638 -0.382921 1.033100 0.999073 -0.552096 -0.001721 -0.833779
-0.251151 -0.813913 -0.382152 1.031448 0.000983 -0.491881 -0.001580 -0.870661
-0.077439 0.773106 -0.452866 0.917758 0.999257 -0.234560 -0.001011 -0.972101
-0.073695 -0.813446 -0.452133 0.916170 0.001167 -0.095204 -0.000676 -0.995458
0.112362 0.773653 -0.444601 0.802051 0.999405 0.181067 0.000058 -0.983471
0.116883 -0.812898 -0.443877 0.800799 0.001315 0.250045 0.000270 -0.968234
0.283106 0.774192 -0.359546 0.686048 0.999491 0.622230 0.001416 -0.782833
0.287627 -0.812360 -0.358822 0.685349 0.001401 0.622229 0.001416 -0.782834
0.404498 0.774633 -0.212396 0.569822 0.999500 0.886842 0.002316 -0.462067
0.409019 -0.811918 -0.211672 0.569800 0.001410 0.886841 0.002317 -0.462068
0.455538 0.774890 -0.028600 0.453387 0.999432 0.998108 0.002816 -0.061414
0.460059 -0.811662 -0.027876 0.454051 0.001342 0.998109 0.002816 -0.061412
0.427413 0.774925 0.160080 0.336713 0.999297 0.936792 0.002829 0.349877
0.431934 -0.811627 0.160804 0.337951 0.001207 0.936792 0.002829 0.349877
0.324972 0.774730 0.320996 0.219798 0.999118 0.713497 0.002353 0.700654
0.329493 -0.811820 0.321721 0.221398 0.001028 0.713497 0.002353 0.700654

Indices: 
0 1 2 3 4 5 5 6 3 7 8 9 7 10 8 11 12 13 13 14 11 15 16 17 17 18 15 19 20 21 21 22 19 23 24 25 23 26 24 23 25 26 27 28 29 27 29 30 27 30 28 31 13 32 32 33 31 34 35 36 36 37 34 22 38 39 39 40 22 41 42 43 41 44 42 41 43 44 45 46 47 45 47 48 45 48 46 49 32 50 50 51 49 52 53 54 54 55 52 40 56 57 57 58 40 59 60 61 59 62 60 59 61 62 63 64 65 63 65 66 63 66 64 67 50 68 68 69 67 70 71 72 72 73 70 58 74 75 75 76 58 77 78 79 77 80 78 77 79 80 81 82 83 81 83 84 81 84 82 85 68 86 86 87 85 88 89 90 90 91 88 76 92 93 93 94 76 95 96 97 95 98 96 95 97 98 99 100 101 99 101 102 99 102 100 103 86 104 104 105 103 106 107 108 108 109 106 94 110 111 111 112 94 113 114 115 113 116 114 113 115 116 117 118 119 117 119 120 117 120 118 121 122 123 123 124 121 125 126 127 127 128 125 129 130 131 131 132 129 133 134 135 133 136 134 133 135 136 137 138 139 137 139 140 137 140 138 141 123 142 142 143 141 144 145 146 146 147 144 132 148 149 149 150 132 151 152 153 151 154 152 151 153 154 155 156 157 155 157 158 155 158 156 159 142 160 160 161 159 162 163 164 164 165 162 150 166 167 167 168 150 169 170 171 169 172 170 169 171 172 173 174 175 173 175 176 173 176 174 177 160 178 178 179 177 180 181 182 182 183 180 168 184 185 185 186 168 187 188 189 187 190 188 187 189 190 191 192 193 191 193 194 191 194 192 195 178 196 196 197 195 198 199 200 200 201 198 186 202 203 203 204 186 205 206 207 205 208 206 205 207 208 209 210 211 209 211 212 209 212 210 213 196 214 214 215 213 216 217 218 218 219 216 204 220 221 221 222 204 223 224 225 223 226 224 223 225 226 227 228 229 227 229 230 227 230 228 231 214 232 232 233 231 234 235 236 236 237 234 222 238 239 239 240 222 241 242 243 241 244 242 241 243 244 245 246 247 245 247 248 245 248 246 249 232 250 250 251 249 252 253 254 254 255 252 240 256 257 257 258 240 259 260 261 259 262 260 259 261 262 263 264 265 263 265 266 263 266 264 267 268 269 269 270 267 271 272 273 273 274 271 275 276 277 277 278 275 279 280 281 279 282 280 279 281 282 283 284 285 283 285 286 283 286 284 287 269 12 12 288 287 289 290 291 291 292 289 278 293 294 294 19 278 295 296 297 295 298 296 295 297 298 299 300 301 299 301 302 299 302 300 303 0 304 304 305 303 306 307 308 308 309 306 310 311 312 312 313 310 314 315 316 314 317 315 314 316 317 318 319 320 318 320 321 318 321 319 322 304 323 323 324 322 325 326 327 327 328 325 313 329 330 330 331 313 332 333 334 332 335 333 332 334 335 336 337 338 336 338 339 336 339 337 340 341 342 342 343 340 344 345 346 346 347 344 348 349 350 350 351 348 352 353 354 352 355 353 352 354 355 356 357 358 356 358 359 356 359 357 360 323 361 361 362 360 363 364 365 365 366 363 331 367 368 368 369 331 370 371 372 370 373 371 370 372 373 374 375 376 374 376 377 374 377 375 378 361 379 379 380 378 381 382 383 383 384 381 369 385 386 386 387 369 388 389 390 388 391 389 388 390 391 392 393 394 392 394 395 392 395 393 396 379 397 397 398 396 399 400 401 401 402 399 387 403 404 404 405 387 406 407 408 406 409 407 406 408 409 410 411 412 410 412 413 410 413 411 414 397 415 415 416 414 417 418 419 419 420 417 405 421 422 422 423 405 424 425 426 424 427 425 424 426 427 428 429 430 428 430 431 428 431 429 432 433 434 434 435 432 436 437 438 438 439 436 440 441 442 442 443 440 444 445 446 444 447 445 444 446 447 448 449 450 448 450 451 448 451 449 452 453 454 454 455 452 456 457 458 458 459 456 460 461 462 462 463 460 464 465 466 464 467 465 464 466 467 468 469 470 468 470 471 468 471 469 472 454 473 473 474 472 475 476 477 477 478 475 463 479 480 480 481 463 482 483 484 482 485 483 482 484 485 486 487 488 486 488 489 486 489 487 490 473 491 491 492 490 493 494 495 495 496 493 481 497 498 498 499 481 500 501 502 500 503 501 500 502 503 504 505 506 504 506 507 504 507 505 508 491 509 509 510 508 511 512 513 513 514 511 499 515 516 516 517 499 518 519 520 518 521 519 518 520 521 522 523 524 522 524 525 522 525 523 526 527 528 528 529 526 530 531 532 532 533 530 534 535 536 536 537 534 538 539 540 538 541 539 538 540 541 542 543 544 542 544 545 542 545 543 546 509 547 547 548 546 549 550 551 551 552 549 517 553 554 554 555 517 556 557 558 556 559 557 556 558 559 560 561 562 560 562 563 560 563 561 564 547 565 565 566 564 567 568 569 569 570 567 555 571 572 572 573 555 574 575 576 574 577 575 574 576 577 578 579 580 578 580 581 578 581 579 582 565 583 583 584 582 585 586 587 587 588 585 573 589 590 590 591 573 592 593 594 592 595 593 592 594 595 596 597 598 596 598 599 596 599 597 600 583 601 601 602 600 603 604 605 605 606 603 591 607 608 608 609 591 610 611 612 610 613 611 610 612 613 614 615 616 614 616 617 614 617 615 618 619 620 620 621 618 622 623 624 624 625 622 626 627 628 628 629 626 630 631 632 630 633 631 630 632 633 634 635 636 634 636 637 634 637 635 638 639 640 640 641 638 642 643 644 644 645 642 646 647 648 648 649 646 650 651 652 650 653 651 650 652 653 654 655 656 654 656 657 654 657 655 2 640 0 649 658 659 659 310 649 7 9 10 660 661 662 660 662 663 660 663 661 664 665 666 667 666 665 668 669 670 671 670 669 672 673 674 675 674 673 676 677 678 679 678 677 680 681 682 683 682 681 684 685 686 687 686 685 688 689 690 688 691 692 688 693 694 688 695 696 688 697 698 688 699 700 688 701 702 688 703 704 688 705 706 688 707 708 688 709 710 688 711 712 688 713 714 688 715 716 688 717 718 719 720 721 719 721 722 723 724 725 723 725 726 727 728 729 727 729 730 731 732 733 731 733 734 735 736 737 735 737 738 739 740 741 739 741 742 743 744 745 743 745 746 747 748 749 747 749 750 751 752 753 751 753 754 755 756 757 755 757 758 759 760 761 759 761 762 763 764 765 763 765 766 767 768 769 767 769 770 771 772 773 771 773 774 775 776 777 775 777 778 779 780 781 779 781 782 783 784 785 783 785 786 787 788 789 787 789 790 791 792 793 791 793 794 795 796 797 795 797 798 799 800 801 799 801 802 803 804 805 803 805 806 807 808 809 807 809 810 811 812 813 811 813 814 815 816 817 815 817 818 819 820 821 819 821 822 823 824 825 823 825 826 827 828 829 827 829 830 831 832 833 831 833 834 835 836 837 835 837 838 839 840 841 839 841 842 843 844 845 843 845 846 847 848 849 847 849 850 851 852 853 851 854 855 851 856 857 851 858 859 851 860 861 851 862 863 851 864 865 851 866 867 851 868 869 851 870 871 851 872 873 851 874 875 851 876 877 851 878 879 851 880 881 851 882 883 851 884 885 851 886 887 888 889 890 888 890 891 892 893 894 892 894 895 896 897 898 896 898 899 900 901 902 900 902 903 904 905 906 904 906 907 908 909 910 908 910 911 912 913 914 912 914 915 916 917 918 916 918 919 920 921 922 920 922 923 924 925 926 924 926 927 928 929 930 928 930 931 932 933 934 932 934 935 936 937 938 936 938 939 940 941 942 940 942 943 944 945 946 944 946 947 948 949 950 948 950 951 952 953 954 952 954 955 955 954 956 955 956 957 957 956 958 957 958 959 959 958 960 959 960 961 961 960 962 961 962 963 963 962 964 963 964 965 965 964 966 965 966 967 967 966 968 967 968 969 969 968 970 969 970 971 971 970 972 971 972 973 973 972 974 973 974 975 975 974 976 975 976 977 977 976 978 977 978 979 979 978 949 979 949 948 