Indexed mesh of 190 triangles 
Vertex Count: 298
Index Count: 570
Material Count: 6
Texture Count: 6
Scale in meters: 1
Has transparencies: 0

Texture 0: models\iss_parts\textures\ISSUSA.BMP
Texture 1: models\iss_parts\textures\ISS_DCS.BMP
Texture 2: models\iss_parts\textures\ISSBS.BMP
Texture 3: models\iss_parts\textures\ISSMOD.BMP
Texture 4: models\iss_parts\textures\ISSPANEL.BMP
Texture 5: models\iss_parts\textures\ISSUSAF.BMP

Group name: iss_issmod.004
Material name: issmod_with_Tex:
Material Start: 0
Material Size: 270
Material Filename: 3
Light Map: 0
Ilumination: 0
Diffuse color: 1 1 1
Specular power: 88.2353
Transparency: 1

Group name: iss_issmod.004
Material name: iss_dcs_with_Tex
Material Start: 270
Material Size: 168
Material Filename: 1
Light Map: 0
Ilumination: 0
Diffuse color: 1 1 1
Specular power: 88.2353
Transparency: 1

Group name: iss_issmod.004
Material name: issbs_with_Tex:
Material Start: 438
Material Size: 18
Material Filename: 2
Light Map: 0
Ilumination: 0
Diffuse color: 1 1 1
Specular power: 88.2353
Transparency: 1

Group name: iss_issmod.004
Material name: isspanel_with_Te
Material Start: 456
Material Size: 90
Material Filename: 4
Light Map: 0
Ilumination: 0
Diffuse color: 1 1 1
Specular power: 88.2353
Transparency: 1

Group name: iss_issmod.004
Material name: issusaf_with_Tex
Material Start: 546
Material Size: 12
Material Filename: 5
Light Map: 0
Ilumination: 0
Diffuse color: 1 1 1
Specular power: 88.2353
Transparency: 1

Group name: iss_issmod.004
Material name: 19_-_Default
Material Start: 558
Material Size: 12
Material Filename: 0
Light Map: 0
Ilumination: 0
Diffuse color: 1 1 1
Specular power: 88.2353
Transparency: 1

Vertex format {	3Dvector POSITION; 2Dvector TEXTURE; 3Dvector NORMAL }

Vertices:

0.000601 -0.001974 -0.462481 0.000000 1.000000 -0.001302 0.000613 -0.999999
-0.040611 0.102153 -0.462363 0.000000 0.000000 -0.064533 0.160394 -0.984941
0.005303 0.109916 -0.462419 1.000000 0.000000 0.005922 0.172301 -0.985027
0.005303 0.109916 -0.462419 0.000000 0.000000 0.005922 0.172301 -0.985027
0.050405 0.098328 -0.462485 1.000000 0.000000 0.075152 0.154507 -0.985129
0.050405 0.098328 -0.462485 0.000000 0.000000 0.075152 0.154507 -0.985129
0.086895 0.069398 -0.462548 1.000000 0.000000 0.131151 0.110107 -0.985229
0.086895 0.069398 -0.462548 0.000000 0.000000 0.131151 0.110107 -0.985229
0.108463 0.028128 -0.462603 1.000000 0.000000 0.164230 0.046802 -0.985311
0.108463 0.028128 -0.462603 0.000000 0.000000 0.164230 0.046802 -0.985311
0.111382 -0.018346 -0.462634 1.000000 0.000000 0.168706 -0.024522 -0.985361
0.111382 -0.018346 -0.462634 0.000000 0.000000 0.168706 -0.024522 -0.985361
0.095144 -0.061990 -0.462642 1.000000 0.000000 0.143815 -0.091481 -0.985367
0.095144 -0.061990 -0.462642 0.000000 0.000000 0.143815 -0.091481 -0.985367
0.062557 -0.095255 -0.462618 1.000000 0.000000 0.093756 -0.142559 -0.985336
0.062557 -0.095255 -0.462618 0.000000 0.000000 0.093756 -0.142559 -0.985336
0.019261 -0.112394 -0.462571 1.000000 0.000000 0.027344 -0.168856 -0.985261
0.019261 -0.112394 -0.462571 0.000000 0.000000 0.027344 -0.168856 -0.985261
-0.027268 -0.110436 -0.462508 1.000000 0.000000 -0.044055 -0.165850 -0.985166
-0.027268 -0.110436 -0.462508 0.000000 0.000000 -0.044055 -0.165850 -0.985166
-0.068973 -0.089726 -0.462442 1.000000 0.000000 -0.108039 -0.134080 -0.985063
-0.068973 -0.089726 -0.462442 0.000000 0.000000 -0.108039 -0.134080 -0.985063
-0.098652 -0.053844 -0.462383 1.000000 0.000000 -0.153595 -0.079004 -0.984970
-0.098652 -0.053844 -0.462383 0.000000 0.000000 -0.153595 -0.079004 -0.984970
-0.111168 -0.008989 -0.462336 1.000000 0.000000 -0.172802 -0.010152 -0.984904
-0.111168 -0.008989 -0.462336 0.000000 0.000000 -0.172802 -0.010152 -0.984904
-0.104357 0.037078 -0.462321 1.000000 0.000000 -0.162359 0.060495 -0.984876
-0.104357 0.037078 -0.462321 0.000000 0.000000 -0.162359 0.060495 -0.984876
-0.079400 0.076388 -0.462328 1.000000 0.000000 -0.124042 0.120863 -0.984889
-0.079400 0.076388 -0.462328 0.000000 0.000000 -0.124042 0.120863 -0.984889
-0.040611 0.102153 -0.462363 1.000000 0.000000 -0.064533 0.160394 -0.984941
-0.040611 0.102153 -0.462363 0.000000 1.000000 -0.064533 0.160394 -0.984941
-0.074271 0.187291 -0.429264 0.000000 0.000000 -0.125988 0.315799 -0.940424
0.009194 0.201398 -0.429366 1.000000 0.000000 0.012995 0.339287 -0.940593
0.005303 0.109916 -0.462419 1.000000 1.000000 0.005922 0.172301 -0.985027
0.005303 0.109916 -0.462419 0.000000 1.000000 0.005922 0.172301 -0.985027
0.009194 0.201398 -0.429366 0.000000 0.000000 0.012995 0.339287 -0.940593
0.091182 0.180336 -0.429487 1.000000 0.000000 0.149544 0.304202 -0.940796
0.050405 0.098328 -0.462485 1.000000 1.000000 0.075152 0.154507 -0.985129
0.050405 0.098328 -0.462485 0.000000 1.000000 0.075152 0.154507 -0.985129
0.091182 0.180336 -0.429487 0.000000 0.000000 0.149544 0.304202 -0.940796
0.157515 0.127745 -0.429605 1.000000 0.000000 0.260004 0.216619 -0.940996
0.086895 0.069398 -0.462548 1.000000 1.000000 0.131151 0.110107 -0.985229
0.086895 0.069398 -0.462548 0.000000 1.000000 0.131151 0.110107 -0.985229
0.157515 0.127745 -0.429605 0.000000 0.000000 0.260004 0.216619 -0.940996
0.196719 0.052725 -0.429702 1.000000 0.000000 0.325281 0.091699 -0.941161
0.108463 0.028128 -0.462603 1.000000 1.000000 0.164230 0.046802 -0.985311
0.108463 0.028128 -0.462603 0.000000 1.000000 0.164230 0.046802 -0.985311
0.196719 0.052725 -0.429702 0.000000 0.000000 0.325281 0.091699 -0.941161
0.202026 -0.031759 -0.429762 1.000000 0.000000 0.334108 -0.048999 -0.941260
0.111382 -0.018346 -0.462634 1.000000 1.000000 0.168706 -0.024522 -0.985361
0.111382 -0.018346 -0.462634 0.000000 1.000000 0.168706 -0.024522 -0.985361
0.202026 -0.031759 -0.429762 0.000000 0.000000 0.334108 -0.048999 -0.941260
0.172507 -0.111094 -0.429769 1.000000 0.000000 0.284978 -0.181119 -0.941267
0.095144 -0.061990 -0.462642 1.000000 1.000000 0.143815 -0.091481 -0.985367
0.095144 -0.061990 -0.462642 0.000000 1.000000 0.143815 -0.091481 -0.985367
0.172507 -0.111094 -0.429769 0.000000 0.000000 0.284978 -0.181119 -0.941267
0.113275 -0.171569 -0.429730 1.000000 0.000000 0.186332 -0.281810 -0.941203
0.062557 -0.095255 -0.462618 1.000000 1.000000 0.093756 -0.142559 -0.985336
0.062557 -0.095255 -0.462618 0.000000 1.000000 0.093756 -0.142559 -0.985336
0.113275 -0.171569 -0.429730 0.000000 0.000000 0.186332 -0.281810 -0.941203
0.034563 -0.202717 -0.429644 1.000000 0.000000 0.055236 -0.333693 -0.941062
0.019261 -0.112394 -0.462571 1.000000 1.000000 0.027344 -0.168856 -0.985261
0.019261 -0.112394 -0.462571 0.000000 1.000000 0.027344 -0.168856 -0.985261
0.034563 -0.202717 -0.429644 0.000000 0.000000 0.055236 -0.333693 -0.941062
-0.050011 -0.199162 -0.429530 1.000000 0.000000 -0.085585 -0.327775 -0.940871
-0.027268 -0.110436 -0.462508 1.000000 1.000000 -0.044055 -0.165850 -0.985166
-0.027268 -0.110436 -0.462508 0.000000 1.000000 -0.044055 -0.165850 -0.985166
-0.050011 -0.199162 -0.429530 0.000000 0.000000 -0.085585 -0.327775 -0.940871
-0.125827 -0.161514 -0.429409 1.000000 0.000000 -0.211836 -0.265082 -0.940668
-0.068973 -0.089726 -0.462442 1.000000 1.000000 -0.108039 -0.134080 -0.985063
-0.068973 -0.089726 -0.462442 0.000000 1.000000 -0.108039 -0.134080 -0.985063
-0.125827 -0.161514 -0.429409 0.000000 0.000000 -0.211836 -0.265082 -0.940668
-0.179777 -0.096282 -0.429299 1.000000 0.000000 -0.301685 -0.156457 -0.940482
-0.098652 -0.053844 -0.462383 1.000000 1.000000 -0.153595 -0.079004 -0.984970
-0.098652 -0.053844 -0.462383 0.000000 1.000000 -0.153595 -0.079004 -0.984970
-0.179777 -0.096282 -0.429299 0.000000 0.000000 -0.301685 -0.156457 -0.940482
-0.202528 -0.014748 -0.429221 1.000000 0.000000 -0.339568 -0.020678 -0.940354
-0.111168 -0.008989 -0.462336 1.000000 1.000000 -0.172802 -0.010152 -0.984904
-0.111168 -0.008989 -0.462336 0.000000 1.000000 -0.172802 -0.010152 -0.984904
-0.202528 -0.014748 -0.429221 0.000000 0.000000 -0.339568 -0.020678 -0.940354
-0.190154 0.068990 -0.429186 1.000000 0.000000 -0.318951 0.118784 -0.940298
-0.104357 0.037078 -0.462321 1.000000 1.000000 -0.162359 0.060495 -0.984876
-0.104357 0.037078 -0.462321 0.000000 1.000000 -0.162359 0.060495 -0.984876
-0.190154 0.068990 -0.429186 0.000000 0.000000 -0.318951 0.118784 -0.940298
-0.144785 0.140457 -0.429201 1.000000 0.000000 -0.243406 0.237807 -0.940320
-0.079400 0.076388 -0.462328 1.000000 1.000000 -0.124042 0.120863 -0.984889
-0.079400 0.076388 -0.462328 0.000000 1.000000 -0.124042 0.120863 -0.984889
-0.144785 0.140457 -0.429201 0.000000 0.000000 -0.243406 0.237807 -0.940320
-0.074271 0.187291 -0.429264 1.000000 0.000000 -0.125988 0.315799 -0.940424
-0.040611 0.102153 -0.462363 1.000000 1.000000 -0.064533 0.160394 -0.984941
-0.073150 0.186766 0.421235 0.000000 1.000000 -0.105969 0.270377 0.956905
-0.035328 0.091280 0.452403 0.000000 0.000000 -0.052853 0.136238 0.989265
0.006044 0.098270 0.452352 1.000000 0.000000 0.007486 0.146442 0.989191
0.010315 0.200869 0.421133 1.000000 1.000000 0.013497 0.290563 0.956761
0.010315 0.200869 0.421133 0.000000 1.000000 0.013497 0.290563 0.956761
0.006044 0.098270 0.452352 0.000000 0.000000 0.007486 0.146442 0.989191
0.046679 0.087831 0.452293 1.000000 0.000000 0.066742 0.131216 0.989105
0.092302 0.179807 0.421011 1.000000 1.000000 0.130867 0.260424 0.956584
0.092302 0.179807 0.421011 0.000000 1.000000 0.130867 0.260424 0.956584
0.046679 0.087831 0.452293 0.000000 0.000000 0.066742 0.131216 0.989105
0.079556 0.061765 0.452234 1.000000 0.000000 0.114724 0.093168 0.989019
0.158636 0.127220 0.420894 1.000000 1.000000 0.225821 0.185115 0.956419
0.158636 0.127220 0.420894 0.000000 1.000000 0.225821 0.185115 0.956419
0.079556 0.061765 0.452234 0.000000 0.000000 0.114724 0.093168 0.989019
0.098988 0.024582 0.452184 1.000000 0.000000 0.143067 0.038945 0.988947
0.197841 0.052196 0.420796 1.000000 1.000000 0.281918 0.077748 0.956283
0.197841 0.052196 0.420796 0.000000 1.000000 0.281918 0.077748 0.956283
0.098988 0.024582 0.452184 0.000000 0.000000 0.143067 0.038945 0.988947
0.101617 -0.017292 0.452156 1.000000 0.000000 0.146883 -0.022097 0.988907
0.203146 -0.032288 0.420737 1.000000 1.000000 0.289524 -0.043188 0.956196
0.203146 -0.032288 0.420737 0.000000 1.000000 0.289524 -0.043188 0.956196
0.101617 -0.017292 0.452156 0.000000 0.000000 0.146883 -0.022097 0.988907
0.086985 -0.056614 0.452152 1.000000 0.000000 0.125541 -0.079473 0.988900
0.173628 -0.111623 0.420729 1.000000 1.000000 0.247263 -0.156743 0.956187
0.173628 -0.111623 0.420729 0.000000 1.000000 0.247263 -0.156743 0.956187
0.086985 -0.056614 0.452152 0.000000 0.000000 0.125541 -0.079473 0.988900
0.057627 -0.086587 0.452172 1.000000 0.000000 0.082728 -0.123191 0.988929
0.114391 -0.172094 0.420768 1.000000 1.000000 0.162479 -0.243324 0.956239
0.114391 -0.172094 0.420768 0.000000 1.000000 0.162479 -0.243324 0.956239
0.057627 -0.086587 0.452172 0.000000 0.000000 0.082728 -0.123191 0.988929
0.018614 -0.102026 0.452215 1.000000 0.000000 0.025825 -0.145707 0.988991
0.035684 -0.203246 0.420855 1.000000 1.000000 0.049822 -0.287901 0.956363
0.035684 -0.203246 0.420855 0.000000 1.000000 0.049822 -0.287901 0.956363
0.018614 -0.102026 0.452215 0.000000 0.000000 0.025825 -0.145707 0.988991
-0.023302 -0.100266 0.452269 1.000000 0.000000 -0.035346 -0.143134 0.989072
-0.048890 -0.199687 0.420969 1.000000 1.000000 -0.071264 -0.282805 0.956526
-0.048890 -0.199687 0.420969 0.000000 1.000000 -0.071264 -0.282805 0.956526
-0.023302 -0.100266 0.452269 0.000000 0.000000 -0.035346 -0.143134 0.989072
-0.060881 -0.081606 0.452329 1.000000 0.000000 -0.090151 -0.115917 0.989159
-0.124706 -0.162042 0.421090 1.000000 1.000000 -0.179769 -0.228908 0.956705
-0.124706 -0.162042 0.421090 0.000000 1.000000 -0.179769 -0.228908 0.956705
-0.060881 -0.081606 0.452329 0.000000 0.000000 -0.090151 -0.115917 0.989159
-0.087621 -0.049274 0.452383 1.000000 0.000000 -0.129136 -0.068767 0.989240
-0.178657 -0.096810 0.421200 1.000000 1.000000 -0.256989 -0.135542 0.956862
-0.178657 -0.096810 0.421200 0.000000 1.000000 -0.256989 -0.135542 0.956862
-0.087621 -0.049274 0.452383 0.000000 0.000000 -0.129136 -0.068767 0.989240
-0.098899 -0.008863 0.452423 1.000000 0.000000 -0.145586 -0.009848 0.989297
-0.201407 -0.015277 0.421278 1.000000 1.000000 -0.289569 -0.018852 0.956971
-0.201407 -0.015277 0.421278 0.000000 1.000000 -0.289569 -0.018852 0.956971
-0.098899 -0.008863 0.452423 0.000000 0.000000 -0.145586 -0.009848 0.989297
-0.092762 0.032642 0.452442 1.000000 0.000000 -0.136639 0.050689 0.989323
-0.189032 0.068465 0.421313 1.000000 1.000000 -0.271863 0.101017 0.957020
-0.189032 0.068465 0.421313 0.000000 1.000000 -0.271863 0.101017 0.957020
-0.092762 0.032642 0.452442 0.000000 0.000000 -0.136639 0.050689 0.989323
-0.070278 0.068066 0.452434 1.000000 0.000000 -0.103844 0.102372 0.989311
-0.143664 0.139932 0.421297 1.000000 1.000000 -0.206924 0.203324 0.956996
-0.143664 0.139932 0.421297 0.000000 1.000000 -0.206924 0.203324 0.956996
-0.070278 0.068066 0.452434 0.000000 0.000000 -0.103844 0.102372 0.989311
-0.035328 0.091280 0.452403 1.000000 0.000000 -0.052853 0.136238 0.989265
-0.073150 0.186766 0.421235 1.000000 1.000000 -0.105969 0.270377 0.956905
0.001804 -0.002539 0.452297 1.000000 0.000000 0.001334 -0.000602 0.999999
0.006044 0.098270 0.452352 1.000000 1.000000 0.007486 0.146442 0.989191
-0.035328 0.091280 0.452403 0.000000 1.000000 -0.052853 0.136238 0.989265
0.046679 0.087831 0.452293 1.000000 1.000000 0.066742 0.131216 0.989105
0.006044 0.098270 0.452352 0.000000 1.000000 0.007486 0.146442 0.989191
0.079556 0.061765 0.452234 1.000000 1.000000 0.114724 0.093168 0.989019
0.046679 0.087831 0.452293 0.000000 1.000000 0.066742 0.131216 0.989105
0.098988 0.024582 0.452184 1.000000 1.000000 0.143067 0.038945 0.988947
0.079556 0.061765 0.452234 0.000000 1.000000 0.114724 0.093168 0.989019
0.101617 -0.017292 0.452156 1.000000 1.000000 0.146883 -0.022097 0.988907
0.098988 0.024582 0.452184 0.000000 1.000000 0.143067 0.038945 0.988947
0.086985 -0.056614 0.452152 1.000000 1.000000 0.125541 -0.079473 0.988900
0.101617 -0.017292 0.452156 0.000000 1.000000 0.146883 -0.022097 0.988907
0.057627 -0.086587 0.452172 1.000000 1.000000 0.082728 -0.123191 0.988929
0.086985 -0.056614 0.452152 0.000000 1.000000 0.125541 -0.079473 0.988900
0.018614 -0.102026 0.452215 1.000000 1.000000 0.025825 -0.145707 0.988991
0.057627 -0.086587 0.452172 0.000000 1.000000 0.082728 -0.123191 0.988929
-0.023302 -0.100266 0.452269 1.000000 1.000000 -0.035346 -0.143134 0.989072
0.018614 -0.102026 0.452215 0.000000 1.000000 0.025825 -0.145707 0.988991
-0.060881 -0.081606 0.452329 1.000000 1.000000 -0.090151 -0.115917 0.989159
-0.023302 -0.100266 0.452269 0.000000 1.000000 -0.035346 -0.143134 0.989072
-0.087621 -0.049274 0.452383 1.000000 1.000000 -0.129136 -0.068767 0.989240
-0.060881 -0.081606 0.452329 0.000000 1.000000 -0.090151 -0.115917 0.989159
-0.098899 -0.008863 0.452423 1.000000 1.000000 -0.145586 -0.009848 0.989297
-0.087621 -0.049274 0.452383 0.000000 1.000000 -0.129136 -0.068767 0.989240
-0.092762 0.032642 0.452442 1.000000 1.000000 -0.136639 0.050689 0.989323
-0.098899 -0.008863 0.452423 0.000000 1.000000 -0.145586 -0.009848 0.989297
-0.070278 0.068066 0.452434 1.000000 1.000000 -0.103844 0.102372 0.989311
-0.092762 0.032642 0.452442 0.000000 1.000000 -0.136639 0.050689 0.989323
-0.035328 0.091280 0.452403 1.000000 1.000000 -0.052853 0.136238 0.989265
-0.070278 0.068066 0.452434 0.000000 1.000000 -0.103844 0.102372 0.989311
0.088180 -0.003491 0.443912 0.999500 0.500000 0.999999 0.001648 -0.000032
0.079422 0.034590 0.443943 0.999500 0.353224 0.900255 0.435361 0.001136
0.088184 -0.003639 0.498022 0.000499 0.500000 0.999999 0.001598 -0.000070
0.079426 0.034441 0.498057 0.000499 0.353224 0.900252 0.435367 0.001141
0.055010 0.065100 0.443970 0.999500 0.235519 0.622250 0.782816 0.002081
0.055014 0.064954 0.498085 0.000499 0.235519 0.561070 0.827765 0.002211
0.019778 0.082000 0.443989 0.999501 0.170197 0.294286 0.955714 0.002593
0.019778 0.081851 0.498101 0.000500 0.170197 0.220887 0.975296 0.002677
-0.019297 0.081934 0.443989 0.999501 0.170197 -0.224119 0.974558 0.002645
-0.019297 0.081789 0.498101 0.000500 0.170197 -0.224076 0.974568 0.002612
-0.054478 0.064923 0.443974 0.999500 0.235519 -0.624721 0.780846 0.002119
-0.054474 0.064779 0.498089 0.000499 0.235519 -0.624733 0.780835 0.002131
-0.078793 0.034335 0.443951 0.999500 0.353224 -0.901667 0.432429 0.001230
-0.078788 0.034187 0.498061 0.000499 0.353224 -0.901681 0.432400 0.001253
-0.087425 -0.003776 0.443915 0.999500 0.500000 -0.999999 -0.001644 0.000031
-0.087425 -0.003926 0.498026 0.000499 0.500000 -0.999999 -0.001595 -0.000004
-0.078667 -0.041861 0.443880 0.999501 0.646776 -0.900258 -0.435354 -0.001175
-0.078667 -0.042006 0.497995 0.000500 0.646776 -0.900253 -0.435365 -0.001167
-0.054254 -0.072371 0.443852 0.999501 0.764481 -0.622219 -0.782841 -0.002132
-0.054254 -0.072520 0.497968 0.000500 0.764481 -0.622244 -0.782821 -0.002155
-0.019023 -0.089267 0.443837 0.999501 0.829803 -0.220953 -0.975281 -0.002685
-0.019019 -0.089416 0.497952 0.000500 0.829803 -0.220931 -0.975286 -0.002669
0.020053 -0.089205 0.443837 0.999501 0.829803 0.224069 -0.974569 -0.002700
0.020057 -0.089354 0.497948 0.000500 0.829803 0.297397 -0.954750 -0.002617
0.055233 -0.072194 0.443848 0.999501 0.764481 0.563740 -0.825949 -0.002247
0.055233 -0.072339 0.497964 0.000500 0.764481 0.624799 -0.780783 -0.002092
0.079547 -0.041602 0.443876 0.999501 0.646776 0.901681 -0.432401 -0.001167
0.079547 -0.041751 0.497987 0.000500 0.646776 0.901667 -0.432429 -0.001191
0.088153 -0.003667 -0.442684 0.000499 0.500000 0.999999 0.001636 0.000004
0.088153 -0.003522 -0.496796 0.999500 0.500000 0.997238 -0.074266 -0.000226
0.079395 0.034563 -0.496765 0.999500 0.353224 0.900257 0.435357 0.001190
0.079395 0.034414 -0.442649 0.000499 0.353224 0.900252 0.435367 0.001199
0.054982 0.065072 -0.496733 0.999500 0.235519 0.622198 0.782857 0.002121
0.054982 0.064927 -0.442622 0.000499 0.235519 0.622223 0.782837 0.002098
0.019747 0.081969 -0.496717 0.999501 0.170197 0.220931 0.975286 0.002614
0.019751 0.081823 -0.442607 0.000500 0.170197 0.220953 0.975281 0.002597
-0.019329 0.081906 -0.496717 0.999501 0.170197 -0.224091 0.974565 0.002628
-0.019325 0.081761 -0.442607 0.000500 0.170197 -0.224091 0.974565 0.002628
-0.054505 0.064895 -0.496733 0.999500 0.235519 -0.624763 0.780812 0.002129
-0.054505 0.064747 -0.442618 0.000499 0.235519 -0.624777 0.780801 0.002143
-0.078820 0.034304 -0.496756 0.999500 0.353224 -0.901676 0.432411 0.001179
-0.078820 0.034159 -0.442646 0.000499 0.353224 -0.901664 0.432436 0.001159
-0.087453 -0.003804 -0.496792 0.999500 0.500000 -0.999999 -0.001581 -0.000013
-0.087453 -0.003953 -0.442681 0.000499 0.500000 -0.996995 -0.077470 -0.000183
-0.078699 -0.041889 -0.496827 0.999501 0.646776 -0.930700 -0.365782 -0.000942
-0.078695 -0.042034 -0.442712 0.000500 0.646776 -0.900252 -0.435367 -0.001100
-0.054286 -0.072398 -0.496854 0.999501 0.764481 -0.622203 -0.782853 -0.002086
-0.054282 -0.072547 -0.442740 0.000500 0.764481 -0.622228 -0.782833 -0.002109
-0.019051 -0.089295 -0.496870 0.999501 0.829803 -0.220931 -0.975286 -0.002664
-0.019051 -0.089443 -0.442756 0.000500 0.829803 -0.220947 -0.975282 -0.002676
0.020025 -0.089232 -0.496870 0.999501 0.829803 0.224076 -0.974568 -0.002695
0.020029 -0.089381 -0.442759 0.000500 0.829803 0.224069 -0.974569 -0.002700
0.055205 -0.072221 -0.496858 0.999501 0.764481 0.624773 -0.780804 -0.002166
0.055205 -0.072371 -0.442744 0.000500 0.764481 0.624790 -0.780790 -0.002150
0.079517 -0.041630 -0.496831 0.999501 0.646776 0.901669 -0.432424 -0.001223
0.079520 -0.041779 -0.442716 0.000500 0.646776 0.931870 -0.362791 -0.001032
0.006247 0.201782 -0.127995 0.000000 0.000000 -0.171274 0.985223 0.000013
0.006243 0.201782 -0.182388 1.000000 0.000000 -0.171274 0.985223 0.000013
-0.048820 0.192209 -0.127991 0.000000 1.000000 -0.171274 0.985223 0.000013
-0.048823 0.192209 -0.182381 1.000000 1.000000 -0.171274 0.985223 0.000013
0.006267 0.201782 0.051345 0.000000 0.000000 -0.171262 0.985226 0.000024
0.006260 0.201782 -0.003049 1.000000 0.000000 -0.171262 0.985226 0.000024
-0.048804 0.192209 0.051348 0.000000 1.000000 -0.171262 0.985226 0.000024
-0.048808 0.192209 -0.003044 1.000000 1.000000 -0.171272 0.985224 0.000013
0.006232 0.201782 -0.307335 0.000000 0.000000 -0.171272 0.985224 0.000013
0.006228 0.201782 -0.361724 1.000000 0.000000 -0.171272 0.985224 0.000013
-0.048835 0.192209 -0.307327 0.000000 1.000000 -0.171272 0.985224 0.000013
-0.048839 0.192209 -0.361720 1.000000 1.000000 -0.171274 0.985223 0.000011
-0.074271 0.187295 -0.429264 0.092003 -0.398908 -0.368014 0.929820 0.001065
-0.073154 0.186763 0.421235 0.090478 0.998637 -0.368010 0.929821 0.001065
0.010311 0.200869 0.421133 -0.008885 0.998440 0.042002 0.999117 0.000568
0.009194 0.201398 -0.429366 -0.007646 -0.399105 0.042022 0.999117 0.000566
0.009194 0.201398 -0.429366 1.492355 -0.399105 0.042022 0.999117 0.000566
0.010311 0.200869 0.421133 1.491116 0.998440 0.042002 0.999117 0.000568
0.092299 0.179807 0.421011 1.391525 0.998301 0.444759 0.895650 -0.000027
0.091182 0.180336 -0.429487 1.392263 -0.399244 0.444762 0.895649 -0.000027
0.158632 0.127216 0.420894 1.291506 0.998244 0.770595 0.637325 -0.000614
0.157515 0.127749 -0.429605 1.291608 -0.399301 0.770582 0.637341 -0.000612
0.197841 0.052196 0.420796 1.191023 0.998280 0.963198 0.268789 -0.001096
0.196724 0.052725 -0.429702 1.190465 -0.399266 0.963202 0.268775 -0.001098
0.203142 -0.032288 0.420737 1.090242 0.998400 0.989252 -0.146216 -0.001390
0.202026 -0.031759 -0.429762 1.089118 -0.399145 0.989252 -0.146213 -0.001390
0.173628 -0.111623 0.420729 0.989447 0.998586 0.844263 -0.535927 -0.001444
0.172507 -0.111094 -0.429769 0.987959 -0.398959 0.844250 -0.535948 -0.001446
0.114391 -0.172097 0.420768 0.888890 0.998805 0.553271 -0.833000 -0.001248
0.113275 -0.171565 -0.429730 0.887304 -0.398741 0.553273 -0.832999 -0.001248
0.035684 -0.203246 0.420855 0.788671 0.999018 0.166638 -0.986018 -0.000834
0.034567 -0.202717 -0.429644 0.787263 -0.398527 0.166660 -0.986014 -0.000831
-0.048894 -0.199691 0.420969 0.688717 0.999190 -0.248815 -0.968551 -0.000275
-0.050011 -0.199162 -0.429530 0.687726 -0.398356 -0.248818 -0.968550 -0.000276
-0.124710 -0.162042 0.421090 0.588874 0.999290 -0.621269 -0.783597 0.000329
-0.125827 -0.161514 -0.429409 0.588466 -0.398256 -0.621268 -0.783598 0.000329
-0.178657 -0.096810 0.421200 0.489025 0.999301 -0.886265 -0.463178 0.000876
-0.179773 -0.096282 -0.429299 0.489268 -0.398244 -0.886266 -0.463176 0.000875
-0.201411 -0.015277 0.421278 0.389175 0.999221 -0.998034 -0.062659 0.001271
-0.202528 -0.014748 -0.429221 0.390025 -0.398324 -0.998034 -0.062659 0.001271
-0.189032 0.068461 0.421313 0.289420 0.999064 -0.937228 0.348713 0.001449
-0.190150 0.068995 -0.429186 0.290733 -0.398481 -0.937231 0.348707 0.001449
-0.143664 0.139928 0.421297 0.189860 0.998858 -0.714379 0.699758 0.001376
-0.144785 0.140457 -0.429201 0.191410 -0.398687 -0.714382 0.699754 0.001376
0.203315 0.050891 0.062877 0.828853 0.008984 0.998119 0.061262 -0.002450
0.207974 -0.025000 0.063304 0.833616 0.968515 0.998119 0.061262 -0.002450
0.203048 0.050158 -0.064025 0.139533 0.027731 0.998119 0.061262 -0.002450
0.207707 -0.025732 -0.063598 0.144296 0.987262 0.998118 0.061269 -0.002446
-0.194104 0.066996 -0.190551 0.844811 0.002753 -0.987151 0.159768 0.002480
-0.206740 -0.011077 -0.190982 0.844662 1.001571 -0.987151 0.159768 0.002480
-0.193896 0.066232 -0.058543 0.145660 0.002570 -0.987151 0.159768 0.002480
-0.206537 -0.011841 -0.058978 0.145510 1.001386 -0.987143 0.159823 0.002447
0.200379 0.063105 -0.248933 0.000500 0.027191 0.998143 0.060894 -0.001640
0.200685 0.063105 -0.062963 0.992541 0.000499 0.998143 0.060894 -0.001640
0.206136 -0.031253 -0.248941 0.007460 0.999500 0.998143 0.060894 -0.001640
0.206446 -0.031253 -0.062971 0.999501 0.972811 0.998140 0.060936 -0.001661
-0.195040 0.086404 0.159101 0.007579 0.000499 -0.987003 0.160696 0.001636
-0.195401 0.086404 -0.058394 0.999501 0.027541 -0.987003 0.160696 0.001636
-0.212807 -0.022718 0.159132 0.000499 0.972458 -0.987003 0.160696 0.001636
-0.213167 -0.022719 -0.058362 0.992420 0.999500 -0.987003 0.160695 0.001636

Indices: 
0 1 2 0 3 4 0 5 6 0 7 8 0 9 10 0 11 12 0 13 14 0 15 16 0 17 18 0 19 20 0 21 22 0 23 24 0 25 26 0 27 28 0 29 30 31 32 33 31 33 34 35 36 37 35 37 38 39 40 41 39 41 42 43 44 45 43 45 46 47 48 49 47 49 50 51 52 53 51 53 54 55 56 57 55 57 58 59 60 61 59 61 62 63 64 65 63 65 66 67 68 69 67 69 70 71 72 73 71 73 74 75 76 77 75 77 78 79 80 81 79 81 82 83 84 85 83 85 86 87 88 89 87 89 90 91 92 93 91 93 94 95 96 97 95 97 98 99 100 101 99 101 102 103 104 105 103 105 106 107 108 109 107 109 110 111 112 113 111 113 114 115 116 117 115 117 118 119 120 121 119 121 122 123 124 125 123 125 126 127 128 129 127 129 130 131 132 133 131 133 134 135 136 137 135 137 138 139 140 141 139 141 142 143 144 145 143 145 146 147 148 149 147 149 150 151 152 153 151 154 155 151 156 157 151 158 159 151 160 161 151 162 163 151 164 165 151 166 167 151 168 169 151 170 171 151 172 173 151 174 175 151 176 177 151 178 179 151 180 181 182 183 184 183 185 184 185 183 186 185 186 187 187 186 188 187 188 189 189 188 190 189 190 191 191 190 192 191 192 193 193 192 194 193 194 195 195 194 196 195 196 197 197 196 198 197 198 199 199 198 200 199 200 201 201 200 202 201 202 203 203 202 204 203 204 205 205 204 206 205 206 207 207 206 208 207 208 209 209 208 182 209 182 184 210 211 212 210 212 213 213 212 214 213 214 215 215 214 216 215 216 217 217 216 218 217 218 219 219 218 220 219 220 221 221 220 222 221 222 223 223 222 224 223 224 225 225 224 226 225 226 227 227 226 228 227 228 229 229 228 230 229 230 231 231 230 232 231 232 233 233 232 234 233 234 235 235 234 236 235 236 237 237 236 211 237 211 210 238 239 240 241 240 239 242 243 244 245 244 243 246 247 248 249 248 247 250 251 252 250 252 253 254 255 256 254 256 257 257 256 258 257 258 259 259 258 260 259 260 261 261 260 262 261 262 263 263 262 264 263 264 265 265 264 266 265 266 267 267 266 268 267 268 269 269 268 270 269 270 271 271 270 272 271 272 273 273 272 274 273 274 275 275 274 276 275 276 277 277 276 278 277 278 279 279 278 280 279 280 281 281 280 251 281 251 250 282 283 284 285 284 283 286 287 288 289 288 287 290 291 292 293 292 291 294 295 296 297 296 295 