Indexed mesh of 603 triangles 
Vertex Count: 980
Index Count: 1809
Material Count: 4
Texture Count: 4
Scale in meters: 1
Has transparencies: 0

Texture 0: models\iss_parts\textures\ISSBS.BMP
Texture 1: models\iss_parts\textures\ISSDISH.BMP
Texture 2: models\iss_parts\textures\ISSMOD.BMP
Texture 3: models\iss_parts\textures\ISSPANEL.BMP

Group name: iss_issdis.004
Material name: issdish_with_Tex
Material Start: 0
Material Size: 1296
Material Filename: 1
Light Map: 0
Ilumination: 0
Diffuse color: 1 1 1
Specular power: 88.2353
Transparency: 1

Group name: iss_issdis.004
Material name: issbs_with_Tex:
Material Start: 1296
Material Size: 36
Material Filename: 0
Light Map: 0
Ilumination: 0
Diffuse color: 1 1 1
Specular power: 88.2353
Transparency: 1

Group name: iss_issdis.004
Material name: issmod_with_Tex:
Material Start: 1332
Material Size: 387
Material Filename: 2
Light Map: 0
Ilumination: 0
Diffuse color: 1 1 1
Specular power: 88.2353
Transparency: 1

Group name: iss_issdis.004
Material name: isspanel_with_Te
Material Start: 1719
Material Size: 90
Material Filename: 3
Light Map: 0
Ilumination: 0
Diffuse color: 1 1 1
Specular power: 88.2353
Transparency: 1

Vertex format {	3Dvector POSITION; 2Dvector TEXTURE; 3Dvector NORMAL }

Vertices:

0.017167 -0.617952 -0.496381 2.241698 0.992705 0.188437 0.500633 -0.844901
0.015331 -0.603626 -0.488305 2.205022 1.000000 -0.037221 0.506368 -0.861514
0.201011 -0.603337 -0.446719 2.037174 0.156175 0.295184 0.507195 -0.809703
0.202847 -0.617653 -0.454796 2.073851 0.148879 0.188410 0.500751 -0.844837
0.013549 -0.617952 -0.480237 2.168345 1.007295 0.001567 -0.999999 0.000072
0.017167 -0.617952 -0.496381 2.241698 0.992705 0.001531 -0.999999 0.000343
0.202847 -0.617653 -0.454796 2.073851 0.148879 0.001567 -0.999999 0.000072
0.199229 -0.617663 -0.438652 2.000498 0.163470 0.001604 -0.999999 -0.000198
0.015331 -0.603626 -0.488305 2.205022 1.000000 -0.021479 0.507212 0.861554
0.013549 -0.617952 -0.480237 2.168345 1.007295 -0.190061 0.499604 0.845146
0.199229 -0.617663 -0.438652 2.000498 0.163470 -0.190061 0.499604 0.845146
0.201011 -0.603337 -0.446719 2.037174 0.156175 -0.401200 0.505716 0.763734
0.201029 -0.612878 -0.446719 2.037174 0.156175 0.975794 0.001771 0.218684
0.202847 -0.617653 -0.454796 2.073851 0.148879 0.975807 0.001736 0.218625
0.201011 -0.603337 -0.446719 2.037174 0.156175 0.975794 0.001841 0.218684
0.199229 -0.617663 -0.438652 2.000498 0.163470 0.975781 0.001736 0.218743
0.015349 -0.613177 -0.488305 2.205022 1.000000 -0.975796 -0.001774 -0.218677
0.015331 -0.603626 -0.488305 2.205022 1.000000 -0.975796 -0.001839 -0.218677
0.017167 -0.617952 -0.496381 2.241698 0.992705 -0.975808 -0.001742 -0.218622
0.013549 -0.617952 -0.480237 2.168345 1.007295 -0.975783 -0.001742 -0.218732
0.205795 -0.617653 -0.453484 2.068267 0.135399 0.497430 0.500781 -0.708365
0.356654 -0.603083 -0.337247 1.559186 -0.559186 0.582653 0.507287 -0.634961
0.361429 -0.617401 -0.344012 1.590279 -0.579961 0.497482 0.500657 -0.708416
0.196281 -0.617663 -0.439963 2.006082 0.176950 0.001538 -0.999999 0.000084
0.205795 -0.617653 -0.453484 2.068267 0.135399 0.001401 -0.999999 0.000320
0.361429 -0.617401 -0.344012 1.590279 -0.579961 0.001538 -0.999999 0.000084
0.351915 -0.617418 -0.330481 1.528093 -0.538410 0.001675 -0.999999 -0.000152
0.196281 -0.617663 -0.439963 2.006082 0.176950 -0.499158 0.498913 0.708468
0.351915 -0.617418 -0.330481 1.528093 -0.538410 -0.499082 0.499096 0.708393
0.356654 -0.603083 -0.337247 1.559186 -0.559186 -0.662931 0.505443 0.552313
0.356663 -0.612634 -0.337247 1.559186 -0.559186 0.818003 0.001024 0.575212
0.361429 -0.617401 -0.344012 1.590279 -0.579961 0.817877 0.001150 0.575391
0.356654 -0.603083 -0.337247 1.559186 -0.559186 0.818004 0.000771 0.575212
0.351915 -0.617418 -0.330481 1.528093 -0.538410 0.818129 0.001150 0.575033
0.201029 -0.612878 -0.446719 2.037174 0.156175 -0.817813 -0.001375 -0.575482
0.201011 -0.603337 -0.446719 2.037174 0.156175 -0.817813 -0.001543 -0.575482
0.205795 -0.617653 -0.453484 2.068267 0.135399 -0.817897 -0.001292 -0.575364
0.196281 -0.617663 -0.439963 2.006082 0.176950 -0.817730 -0.001292 -0.575601
0.363654 -0.617401 -0.341679 1.579961 -0.590278 0.730723 0.500935 -0.463798
0.458538 -0.602920 -0.176548 0.843825 -1.037174 0.781233 0.507595 -0.363348
0.465548 -0.617237 -0.180971 0.864601 -1.068267 0.730680 0.501013 -0.463780
0.349689 -0.617418 -0.332815 1.538410 -0.528093 0.001378 -0.999999 0.000140
0.363654 -0.617401 -0.341679 1.579961 -0.590278 0.001378 -0.999999 0.000140
0.465548 -0.617237 -0.180971 0.864601 -1.068267 0.001378 -0.999999 0.000140
0.451583 -0.617256 -0.172116 0.823050 -1.006082 0.001402 -0.999999 0.000122
0.349689 -0.617418 -0.332815 1.538410 -0.528093 -0.732090 0.499037 0.463687
0.451583 -0.617256 -0.172116 0.823050 -1.006082 -0.732195 0.498843 0.463731
0.458538 -0.602920 -0.176548 0.843825 -1.037174 -0.824013 0.504967 0.256927
0.458556 -0.612471 -0.176548 0.843825 -1.037174 0.535496 0.001269 0.844537
0.465548 -0.617237 -0.180971 0.864601 -1.068267 0.535305 0.001399 0.844658
0.458538 -0.602920 -0.176548 0.843825 -1.037174 0.535496 0.001009 0.844537
0.451583 -0.617256 -0.172116 0.823050 -1.006082 0.535686 0.001399 0.844416
0.356663 -0.612634 -0.337247 1.559186 -0.559186 -0.535885 -0.000679 -0.844291
0.356654 -0.603083 -0.337247 1.559186 -0.559186 -0.535885 -0.000505 -0.844291
0.363654 -0.617401 -0.341679 1.579961 -0.590278 -0.535758 -0.000765 -0.844372
0.349689 -0.617418 -0.332815 1.538410 -0.528093 -0.536012 -0.000766 -0.844210
0.466714 -0.617237 -0.177968 0.851121 -1.073851 0.852286 0.501546 -0.148531
0.491179 -0.602875 0.010914 0.000000 -1.205022 0.860578 0.508016 -0.036407
0.499355 -0.617184 0.009503 0.007295 -1.241698 0.852242 0.501620 -0.148531
0.450416 -0.617265 -0.175128 0.836530 -1.000498 0.001686 -0.999999 -0.000006
0.466714 -0.617237 -0.177968 0.851121 -1.073851 0.001686 -0.999999 -0.000006
0.499355 -0.617184 0.009503 0.007295 -1.241698 0.001686 -0.999999 -0.000006
0.483057 -0.617211 0.012334 -0.007295 -1.168345 0.001657 -0.999999 0.000002
0.450416 -0.617265 -0.175128 0.836530 -1.000498 -0.854157 0.498336 0.148582
0.483057 -0.617211 0.012334 -0.007295 -1.168345 -0.854088 0.498455 0.148582
0.491179 -0.602875 0.010914 0.000000 -1.205022 -0.859600 0.505036 -0.077636
0.491197 -0.612426 0.010914 0.000000 -1.205022 0.171109 0.000650 0.985252
0.499355 -0.617184 0.009503 0.007295 -1.241698 0.170830 0.000813 0.985300
0.491179 -0.602875 0.010914 0.000000 -1.205022 0.171110 0.000322 0.985252
0.483057 -0.617211 0.012334 -0.007295 -1.168345 0.171388 0.000814 0.985203
0.458556 -0.612471 -0.176548 0.843825 -1.037174 -0.171667 -0.000324 -0.985155
0.458538 -0.602920 -0.176548 0.843825 -1.037174 -0.171667 -0.000324 -0.985155
0.466714 -0.617237 -0.177968 0.851121 -1.073851 -0.171667 -0.000324 -0.985155
0.450416 -0.617265 -0.175128 0.836530 -1.000498 -0.171638 -0.000272 -0.985160
0.499273 -0.617184 0.012722 -0.007295 -1.241698 0.844206 0.501503 0.189236
0.449593 -0.602939 0.196603 -0.843825 -1.037174 0.787173 0.508666 0.348737
0.457688 -0.617247 0.198402 -0.851121 -1.073851 0.844238 0.501444 0.189249
0.483129 -0.617211 0.009105 0.007295 -1.168345 0.001665 -0.999999 0.000034
0.499273 -0.617184 0.012722 -0.007295 -1.241698 0.001665 -0.999999 0.000034
0.457688 -0.617247 0.198402 -0.851121 -1.073851 0.001665 -0.999999 0.000034
0.441553 -0.617274 0.194794 -0.836530 -1.000498 0.001696 -0.999999 0.000038
0.483129 -0.617211 0.009105 0.007295 -1.168345 -0.845812 0.498800 -0.189211
0.441553 -0.617274 0.194794 -0.836530 -1.000498 -0.845924 0.498592 -0.189257
0.449593 -0.602939 0.196603 -0.843825 -1.037174 -0.764523 0.505167 -0.400388
0.449611 -0.612490 0.196603 -0.843825 -1.037174 -0.218251 -0.000743 0.975892
0.457688 -0.617247 0.198402 -0.851121 -1.073851 -0.217971 -0.000908 0.975955
0.449593 -0.602939 0.196603 -0.843825 -1.037174 -0.218252 -0.000411 0.975892
0.441553 -0.617274 0.194794 -0.836530 -1.000498 -0.218531 -0.000909 0.975830
0.491197 -0.612426 0.010914 0.000000 -1.205022 0.218654 0.000326 -0.975802
0.491179 -0.602875 0.010914 0.000000 -1.205022 0.218654 0.000412 -0.975802
0.499273 -0.617184 0.012722 -0.007295 -1.241698 0.218727 0.000284 -0.975786
0.483129 -0.617211 0.009105 0.007295 -1.168345 0.218582 0.000283 -0.975819
0.456386 -0.617255 0.201360 -0.864601 -1.068267 0.707583 0.501038 0.498284
0.340121 -0.603110 0.352237 -1.559186 -0.559186 0.707583 0.501038 0.498284
0.346904 -0.617428 0.356994 -1.579961 -0.590278 0.707654 0.500869 0.498354
0.442855 -0.617274 0.191845 -0.823050 -1.006082 0.001435 -0.999999 -0.000096
0.456386 -0.617255 0.201360 -0.864601 -1.068267 0.001435 -0.999999 -0.000096
0.346904 -0.617428 0.356994 -1.579961 -0.590278 0.001435 -0.999999 -0.000096
0.333374 -0.617445 0.347480 -1.538410 -0.528093 0.001409 -0.999999 -0.000111
0.442855 -0.617274 0.191845 -0.823050 -1.006082 -0.709190 0.498715 -0.498330
0.333374 -0.617445 0.347480 -1.538410 -0.528093 -0.709121 0.498882 -0.498261
0.340121 -0.603110 0.352237 -1.559186 -0.559186 -0.709052 0.499049 -0.498191
0.340139 -0.612661 0.352237 -1.559186 -0.559186 -0.575226 -0.000708 0.817995
0.346904 -0.617428 0.356994 -1.579961 -0.590278 -0.575492 -0.000521 0.817807
0.340121 -0.603110 0.352237 -1.559186 -0.559186 -0.575225 -0.001084 0.817994
0.333374 -0.617445 0.347480 -1.538410 -0.528093 -0.574960 -0.000520 0.818182
0.449611 -0.612490 0.196603 -0.843825 -1.037174 0.575176 0.001084 -0.818029
0.449593 -0.602939 0.196603 -0.843825 -1.037174 0.575176 0.001084 -0.818029
0.456386 -0.617255 0.201360 -0.864601 -1.068267 0.575176 0.001084 -0.818029
0.442855 -0.617274 0.191845 -0.823050 -1.006082 0.575210 0.001157 -0.818005
0.335698 -0.607895 0.345245 -1.528093 -0.538410 -0.462890 -0.500960 -0.731281
0.340148 -0.622212 0.352237 -1.559186 -0.559186 -0.462890 -0.500960 -0.731281
0.179449 -0.622465 0.454130 -2.037174 0.156175 -0.309749 -0.507986 -0.803745
0.174999 -0.608148 0.447138 -2.006082 0.176950 -0.462883 -0.500979 -0.731272
0.344552 -0.607877 0.359219 -1.590279 -0.579961 -0.001580 0.999999 0.000035
0.335698 -0.607895 0.345245 -1.528093 -0.538410 -0.001706 0.999999 -0.000207
0.174999 -0.608148 0.447138 -2.006082 0.176950 -0.001580 0.999999 0.000035
0.183854 -0.608139 0.461112 -2.068267 0.135399 -0.001454 0.999999 0.000278
0.340148 -0.622212 0.352237 -1.559186 -0.559186 0.464577 -0.499167 0.731437
0.344552 -0.607877 0.359219 -1.590279 -0.579961 0.464619 -0.499059 0.731484
0.183854 -0.608139 0.461112 -2.068267 0.135399 0.464577 -0.499167 0.731437
0.179449 -0.622465 0.454130 -2.037174 0.156175 0.311400 -0.506821 0.803842
0.179431 -0.612915 0.454130 -2.037174 0.156175 -0.844692 -0.001164 0.535252
0.174999 -0.608148 0.447138 -2.006082 0.176950 -0.844890 -0.000950 0.534939
0.179449 -0.622465 0.454130 -2.037174 0.156175 -0.844691 -0.001592 0.535251
0.183854 -0.608139 0.461112 -2.068267 0.135399 -0.844494 -0.000950 0.535564
0.340139 -0.612661 0.352237 -1.559186 -0.559186 0.844692 0.001183 -0.535252
0.340148 -0.622212 0.352237 -1.559186 -0.559186 0.844693 0.000796 -0.535251
0.335698 -0.607895 0.345245 -1.528093 -0.538410 0.844512 0.001376 -0.535535
0.344552 -0.607877 0.359219 -1.590279 -0.579961 0.844871 0.001376 -0.534969
0.178011 -0.608148 0.445981 -2.000498 0.163470 -0.147728 -0.500276 -0.853171
-0.008013 -0.622764 0.486762 -2.205022 1.000000 -0.035591 -0.506511 -0.861499
-0.009451 -0.608437 0.478613 -2.168345 1.007296 -0.147754 -0.500147 -0.853242
0.180841 -0.608139 0.462278 -2.073851 0.148880 -0.001569 0.999999 -0.000004
0.178011 -0.608148 0.445981 -2.000498 0.163470 -0.001592 0.999999 -0.000276
-0.009451 -0.608437 0.478613 -2.168345 1.007296 -0.001569 0.999999 -0.000004
-0.006620 -0.608437 0.494910 -2.241698 0.992705 -0.001546 0.999999 0.000268
0.180841 -0.608139 0.462278 -2.073851 0.148880 0.149312 -0.499793 0.853178
-0.006620 -0.608437 0.494910 -2.241698 0.992705 0.149312 -0.499793 0.853178
-0.008013 -0.622764 0.486762 -2.205022 1.000000 -0.076840 -0.506667 0.858711
-0.008030 -0.613213 0.486762 -2.205022 1.000000 -0.985245 -0.001550 0.171144
-0.009451 -0.608437 0.478613 -2.168345 1.007296 -0.985290 -0.001397 0.170883
-0.008013 -0.622764 0.486762 -2.205022 1.000000 -0.985244 -0.001857 0.171144
-0.006620 -0.608437 0.494910 -2.241698 0.992705 -0.985199 -0.001397 0.171406
0.179431 -0.612915 0.454130 -2.037174 0.156175 0.985250 0.001562 -0.171116
0.179449 -0.622465 0.454130 -2.037174 0.156175 0.985249 0.001857 -0.171116
0.178011 -0.608148 0.445981 -2.000498 0.163470 0.985294 0.001415 -0.170864
0.180841 -0.608139 0.462278 -2.073851 0.148880 0.985206 0.001414 -0.171367
-0.006230 -0.608437 0.478694 -2.168345 0.992705 0.190043 -0.499779 -0.845047
-0.193692 -0.623062 0.445185 -2.037174 1.843825 0.296861 -0.505985 -0.809847
-0.191911 -0.608736 0.437109 -2.000498 1.836530 0.190038 -0.499975 -0.844932
-0.009839 -0.608447 0.494838 -2.241698 1.007296 -0.001567 0.999999 -0.000072
-0.006230 -0.608437 0.478694 -2.168345 0.992705 -0.001650 0.999999 0.000189
-0.191911 -0.608736 0.437109 -2.000498 1.836530 -0.001567 0.999999 -0.000072
-0.195528 -0.608736 0.453253 -2.073851 1.851121 -0.001485 0.999999 -0.000333
-0.009839 -0.608447 0.494838 -2.241698 1.007296 -0.188434 -0.500662 0.844885
-0.195528 -0.608736 0.453253 -2.073851 1.851121 -0.188442 -0.500390 0.845044
-0.193692 -0.623062 0.445185 -2.037174 1.843825 -0.399578 -0.507009 0.763727
-0.193710 -0.613511 0.445185 -2.037174 1.843825 -0.975800 -0.001925 -0.218655
-0.191911 -0.608736 0.437109 -2.000498 1.836530 -0.975817 -0.001968 -0.218582
-0.193692 -0.623062 0.445185 -2.037174 1.843825 -0.975801 -0.001839 -0.218655
-0.195528 -0.608736 0.453253 -2.073851 1.851121 -0.975784 -0.001968 -0.218727
-0.008030 -0.613213 0.486762 -2.205022 1.000000 0.975911 0.001464 0.218166
-0.008013 -0.622764 0.486762 -2.205022 1.000000 0.975910 0.001839 0.218166
-0.006230 -0.608437 0.478694 -2.168345 0.992705 0.975840 0.001277 0.218483
-0.009839 -0.608447 0.494838 -2.241698 1.007296 0.975981 0.001277 0.217850
-0.188962 -0.608727 0.438420 -2.006081 1.823050 0.499125 -0.499012 -0.708422
-0.349326 -0.623306 0.335703 -1.559186 2.559186 0.624684 -0.506107 -0.594664
-0.344596 -0.608971 0.328939 -1.528093 2.538410 0.499125 -0.499012 -0.708422
-0.198477 -0.608745 0.451941 -2.068267 1.864601 -0.001675 0.999999 0.000153
-0.188962 -0.608727 0.438420 -2.006081 1.823050 -0.001675 0.999999 0.000153
-0.344596 -0.608971 0.328939 -1.528093 2.538410 -0.001675 0.999999 0.000153
-0.354111 -0.608989 0.342469 -1.590278 2.579961 -0.001675 0.999999 0.000152
-0.198477 -0.608745 0.451941 -2.068267 1.864601 -0.497529 -0.500571 0.708444
-0.354111 -0.608989 0.342469 -1.590278 2.579961 -0.497486 -0.500741 0.708354
-0.349326 -0.623306 0.335703 -1.559186 2.559186 -0.661346 -0.507516 0.552313
-0.349345 -0.613756 0.335703 -1.559186 2.559186 -0.817978 -0.001542 -0.575247
-0.344596 -0.608971 0.328939 -1.528093 2.538410 -0.817978 -0.001542 -0.575247
-0.349326 -0.623306 0.335703 -1.559186 2.559186 -0.817978 -0.001542 -0.575247
-0.354111 -0.608989 0.342469 -1.590278 2.579961 -0.817988 -0.001511 -0.575233
-0.193710 -0.613511 0.445185 -2.037174 1.843825 0.817812 0.001736 0.575483
-0.193692 -0.623062 0.445185 -2.037174 1.843825 0.817812 0.001541 0.575483
-0.188962 -0.608727 0.438420 -2.006081 1.823050 0.817909 0.001834 0.575345
-0.198477 -0.608745 0.451941 -2.068267 1.864601 0.817715 0.001834 0.575621
-0.342372 -0.608971 0.331272 -1.538410 2.528093 0.732280 -0.498648 -0.463806
-0.451220 -0.623469 0.175005 -0.843825 3.037174 0.804718 -0.505892 -0.310648
-0.444265 -0.609134 0.170573 -0.823049 3.006082 0.732274 -0.498661 -0.463801
-0.356336 -0.608989 0.340135 -1.579961 2.590279 -0.001378 0.999999 -0.000140
-0.342372 -0.608971 0.331272 -1.538410 2.528093 -0.001378 0.999999 -0.000140
-0.444265 -0.609134 0.170573 -0.823049 3.006082 -0.001378 0.999999 -0.000140
-0.458229 -0.609152 0.179427 -0.864601 3.068267 -0.001378 0.999999 -0.000141
-0.356336 -0.608989 0.340135 -1.579961 2.590279 -0.730590 -0.501199 0.463722
-0.458229 -0.609152 0.179427 -0.864601 3.068267 -0.730633 -0.501100 0.463761
-0.451220 -0.623469 0.175005 -0.843825 3.037174 -0.822312 -0.507745 0.256901
-0.451238 -0.613919 0.175005 -0.843825 3.037174 -0.535474 -0.001284 -0.844551
-0.444265 -0.609134 0.170573 -0.823049 3.006082 -0.535675 -0.001421 -0.844423
-0.451220 -0.623469 0.175005 -0.843825 3.037174 -0.535474 -0.001009 -0.844551
-0.458229 -0.609152 0.179427 -0.864601 3.068267 -0.535273 -0.001421 -0.844678
-0.349345 -0.613756 0.335703 -1.559186 2.559186 0.535876 0.001010 0.844296
-0.349326 -0.623306 0.335703 -1.559186 2.559186 0.535876 0.001010 0.844296
-0.342372 -0.608971 0.331272 -1.538410 2.528093 0.535876 0.001010 0.844296
-0.356336 -0.608989 0.340135 -1.579961 2.590279 0.535898 0.000966 0.844282
-0.443097 -0.609134 0.173585 -0.836530 3.000498 0.854083 -0.498464 -0.148582
-0.483861 -0.623524 -0.012457 0.000000 3.205022 0.862381 -0.504948 -0.036434
-0.475739 -0.609179 -0.013877 0.007296 3.168345 0.854151 -0.498340 -0.148606
-0.459396 -0.609161 0.176425 -0.851120 3.073851 -0.001648 0.999999 0.000047
-0.443097 -0.609134 0.173585 -0.836530 3.000498 -0.001648 0.999999 0.000047
-0.475739 -0.609179 -0.013877 0.007296 3.168345 -0.001648 0.999999 0.000047
-0.492028 -0.609206 -0.011036 -0.007295 3.241698 -0.001680 0.999999 0.000050
-0.459396 -0.609161 0.176425 -0.851120 3.073851 -0.852202 -0.501707 0.148468
-0.492028 -0.609206 -0.011036 -0.007295 3.241698 -0.852377 -0.501390 0.148530
-0.483861 -0.623524 -0.012457 0.000000 3.205022 -0.858003 -0.507742 -0.077640
-0.483878 -0.613973 -0.012457 0.000000 3.205022 -0.171789 -0.000253 -0.985134
-0.475739 -0.609179 -0.013877 0.007296 3.168345 -0.171728 -0.000217 -0.985144
-0.483861 -0.623524 -0.012457 0.000000 3.205022 -0.171789 -0.000324 -0.985134
-0.492028 -0.609206 -0.011036 -0.007295 3.241698 -0.171850 -0.000217 -0.985123
-0.451238 -0.613919 0.175005 -0.843825 3.037174 0.171667 0.000324 0.985155
-0.451220 -0.623469 0.175005 -0.843825 3.037174 0.171667 0.000324 0.985155
-0.443097 -0.609134 0.173585 -0.836530 3.000498 0.171667 0.000324 0.985155
-0.459396 -0.609161 0.176425 -0.851120 3.073851 0.171667 0.000324 0.985155
-0.475811 -0.609179 -0.010648 -0.007295 3.168345 0.845865 -0.498694 0.189252
-0.442275 -0.623451 -0.198146 0.843826 3.037174 0.810620 -0.505240 0.296020
-0.434225 -0.609116 -0.196337 0.836530 3.000498 0.845793 -0.498818 0.189249
-0.491955 -0.609206 -0.014266 0.007296 3.241698 -0.001694 0.999999 -0.000040
-0.475811 -0.609179 -0.010648 -0.007295 3.168345 -0.001694 0.999999 -0.000040
-0.434225 -0.609116 -0.196337 0.836530 3.000498 -0.001694 0.999999 -0.000040
-0.450369 -0.609143 -0.199945 0.851121 3.073851 -0.001666 0.999999 -0.000031
-0.491955 -0.609206 -0.014266 0.007296 3.241698 -0.844334 -0.501275 -0.189272
-0.450369 -0.609143 -0.199945 0.851121 3.073851 -0.844291 -0.501349 -0.189270
-0.442275 -0.623451 -0.198146 0.843826 3.037174 -0.762840 -0.507716 -0.400374
-0.442293 -0.613900 -0.198146 0.843826 3.037174 0.218136 0.000667 -0.975918
-0.434225 -0.609116 -0.196337 0.836530 3.000498 0.218351 0.000795 -0.975870
-0.442275 -0.623451 -0.198146 0.843826 3.037174 0.218136 0.000411 -0.975918
-0.450369 -0.609143 -0.199945 0.851121 3.073851 0.217920 0.000794 -0.975966
-0.483878 -0.613973 -0.012457 0.000000 3.205022 -0.218654 -0.000360 0.975802
-0.483861 -0.623524 -0.012457 0.000000 3.205022 -0.218654 -0.000412 0.975802
-0.475811 -0.609179 -0.010648 -0.007295 3.168345 -0.218611 -0.000334 0.975812
-0.491955 -0.609206 -0.014266 0.007296 3.241698 -0.218698 -0.000335 0.975793
-0.435536 -0.609116 -0.193379 0.823050 3.006082 0.709006 -0.499126 0.498180
-0.332803 -0.623279 -0.353780 1.559186 2.559186 0.709006 -0.499126 0.498180
-0.326056 -0.608944 -0.349013 1.538410 2.528093 0.708929 -0.499271 0.498144
-0.449067 -0.609143 -0.202903 0.864601 3.068267 -0.001646 0.999999 -0.000024
-0.435536 -0.609116 -0.193379 0.823050 3.006082 -0.001855 0.999998 -0.000200
-0.326056 -0.608944 -0.349013 1.538410 2.528093 -0.001646 0.999999 -0.000024
-0.339585 -0.608962 -0.358537 1.579961 2.590278 -0.001437 0.999999 0.000152
-0.449067 -0.609143 -0.202903 0.864601 3.068267 -0.707376 -0.501425 -0.498189
-0.339585 -0.608962 -0.358537 1.579961 2.590278 -0.707528 -0.501140 -0.498260
-0.332803 -0.623279 -0.353780 1.559186 2.559186 -0.707679 -0.500855 -0.498331
-0.332811 -0.613729 -0.353780 1.559186 2.559186 0.575589 0.000966 -0.817739
-0.326056 -0.608944 -0.349013 1.538410 2.528093 0.575888 0.001178 -0.817528
-0.332803 -0.623279 -0.353780 1.559186 2.559186 0.575589 0.000542 -0.817739
-0.339585 -0.608962 -0.358537 1.579961 2.590278 0.575289 0.001177 -0.817950
-0.442293 -0.613900 -0.198146 0.843826 3.037174 -0.575573 -0.001346 0.817749
-0.442275 -0.623451 -0.198146 0.843826 3.037174 -0.575574 -0.001085 0.817749
-0.435536 -0.609116 -0.193379 0.823050 3.006082 -0.575758 -0.001478 0.817619
-0.449067 -0.609143 -0.202903 0.864601 3.068267 -0.575388 -0.001477 0.817879
-0.337234 -0.618513 -0.360762 1.590279 2.579961 -0.464605 0.499046 -0.731502
-0.332830 -0.604178 -0.353780 1.559186 2.559186 -0.464605 0.499046 -0.731502
-0.172130 -0.603924 -0.455673 2.037174 1.843825 -0.311458 0.506506 -0.804019
-0.176535 -0.618260 -0.462655 2.068267 1.864600 -0.464609 0.499026 -0.731513
-0.328380 -0.618495 -0.346789 1.528093 2.538410 0.001706 -0.999999 0.000207
-0.337234 -0.618513 -0.360762 1.590279 2.579961 0.001706 -0.999999 0.000207
-0.176535 -0.618260 -0.462655 2.068267 1.864600 0.001706 -0.999999 0.000207
-0.167681 -0.618242 -0.448682 2.006082 1.823050 0.001724 -0.999998 0.000231
-0.332830 -0.604178 -0.353780 1.559186 2.559186 0.462894 0.500935 0.731295
-0.328380 -0.618495 -0.346789 1.528093 2.538410 0.462894 0.500935 0.731295
-0.167681 -0.618242 -0.448682 2.006082 1.823050 0.462894 0.500935 0.731295
-0.172130 -0.603924 -0.455673 2.037174 1.843825 0.309756 0.507912 0.803789
-0.172113 -0.613475 -0.455673 2.037174 1.843825 0.844692 0.001164 -0.535252
-0.176535 -0.618260 -0.462655 2.068267 1.864600 0.844493 0.000949 -0.535565
-0.172130 -0.603924 -0.455673 2.037174 1.843825 0.844691 0.001592 -0.535252
-0.167681 -0.618242 -0.448682 2.006082 1.823050 0.844890 0.000950 -0.534939
-0.332811 -0.613729 -0.353780 1.559186 2.559186 -0.844705 -0.001168 0.535230
-0.332830 -0.604178 -0.353780 1.559186 2.559186 -0.844705 -0.001592 0.535231
-0.337234 -0.618513 -0.360762 1.590279 2.579961 -0.844509 -0.000955 0.535541
-0.328380 -0.618495 -0.346789 1.528093 2.538410 -0.844902 -0.000956 0.534920
-0.173524 -0.618251 -0.463813 2.073851 1.851120 -0.149350 0.499596 -0.853287
0.013938 -0.617952 -0.496453 2.241698 1.007295 -0.149351 0.499797 -0.853169
-0.170683 -0.618251 -0.447524 2.000498 1.836529 0.001545 -0.999999 -0.000269
-0.173524 -0.618251 -0.463813 2.073851 1.851120 0.001545 -0.999999 -0.000269
0.013938 -0.617952 -0.496453 2.241698 1.007295 0.001545 -0.999999 -0.000269
0.016778 -0.617952 -0.480156 2.168345 0.992705 0.001545 -0.999999 -0.000269
-0.170683 -0.618251 -0.447524 2.000498 1.836529 0.147721 0.500239 0.853193
0.016778 -0.617952 -0.480156 2.168345 0.992705 0.147721 0.500239 0.853193
0.015349 -0.613177 -0.488305 2.205022 1.000000 0.985151 0.001857 -0.171678
0.013938 -0.617952 -0.496453 2.241698 1.007295 0.985151 0.001857 -0.171678
0.015331 -0.603626 -0.488305 2.205022 1.000000 0.985151 0.001857 -0.171678
0.016778 -0.617952 -0.480156 2.168345 0.992705 0.985152 0.001848 -0.171673
-0.172113 -0.613475 -0.455673 2.037174 1.843825 -0.985136 -0.001800 0.171765
-0.172130 -0.603924 -0.455673 2.037174 1.843825 -0.985136 -0.001857 0.171765
-0.173524 -0.618251 -0.463813 2.073851 1.851120 -0.985128 -0.001771 0.171813
-0.170683 -0.618251 -0.447524 2.000498 1.836529 -0.985145 -0.001771 0.171716
0.015277 0.568028 -0.496381 2.241698 0.992705 0.188436 0.500589 -0.844928
0.013450 0.582345 -0.488305 2.205022 1.000000 0.019820 0.507535 -0.861403
0.199129 0.582643 -0.446719 2.037174 0.156175 0.295198 0.507167 -0.809715
0.200965 0.568317 -0.454796 2.073851 0.148879 0.188453 0.500515 -0.844968
0.011668 0.568018 -0.480237 2.168345 1.007295 0.001567 -0.999999 0.000072
0.015277 0.568028 -0.496381 2.241698 0.992705 0.001604 -0.999999 -0.000199
0.200965 0.568317 -0.454796 2.073851 0.148879 0.001567 -0.999999 0.000072
0.197348 0.568317 -0.438652 2.000498 0.163470 0.001531 -0.999999 0.000343
0.013450 0.582345 -0.488305 2.205022 1.000000 -0.021469 0.507166 0.861581
0.011668 0.568018 -0.480237 2.168345 1.007295 -0.190090 0.499577 0.845156
0.197348 0.568317 -0.438652 2.000498 0.163470 -0.190090 0.499577 0.845156
0.199129 0.582643 -0.446719 2.037174 0.156175 -0.349613 0.506597 0.788118
0.199148 0.573092 -0.446719 2.037174 0.156175 0.975802 0.001791 0.218648
0.200965 0.568317 -0.454796 2.073851 0.148879 0.975821 0.001742 0.218565
0.199129 0.582643 -0.446719 2.037174 0.156175 0.975802 0.001890 0.218648
0.197348 0.568317 -0.438652 2.000498 0.163470 0.975783 0.001742 0.218732
0.013468 0.572793 -0.488305 2.205022 1.000000 -0.975917 -0.001481 -0.218138
0.013450 0.582345 -0.488305 2.205022 1.000000 -0.975916 -0.001839 -0.218138
0.015277 0.568028 -0.496381 2.241698 0.992705 -0.975985 -0.001303 -0.217835
0.011668 0.568018 -0.480237 2.168345 1.007295 -0.975850 -0.001302 -0.218440
0.203914 0.568326 -0.453485 2.068267 0.135399 0.497419 0.500905 -0.708286
0.354764 0.582887 -0.337247 1.559186 -0.559186 0.622947 0.508369 -0.594556
0.359548 0.568570 -0.344012 1.590279 -0.579961 0.497419 0.500905 -0.708286
0.194399 0.568308 -0.439954 2.006081 0.176951 0.001675 -0.999999 -0.000152
0.203914 0.568326 -0.453485 2.068267 0.135399 0.001675 -0.999999 -0.000152
0.359548 0.568570 -0.344012 1.590279 -0.579961 0.001675 -0.999999 -0.000152
0.350034 0.568552 -0.330482 1.528093 -0.538410 0.001675 -0.999999 -0.000152
0.194399 0.568308 -0.439954 2.006081 0.176951 -0.499089 0.499030 0.708434
0.350034 0.568552 -0.330482 1.528093 -0.538410 -0.499089 0.499030 0.708434
0.354764 0.582887 -0.337247 1.559186 -0.559186 -0.624582 0.506288 0.594617
0.354782 0.573337 -0.337247 1.559186 -0.559186 0.817978 0.001542 0.575247
0.359548 0.568570 -0.344012 1.590279 -0.579961 0.817978 0.001542 0.575247
0.354764 0.582887 -0.337247 1.559186 -0.559186 0.817978 0.001542 0.575247
0.350034 0.568552 -0.330482 1.528093 -0.538410 0.817992 0.001584 0.575227
0.199148 0.573092 -0.446719 2.037174 0.156175 -0.818021 -0.001584 -0.575186
0.199129 0.582643 -0.446719 2.037174 0.156175 -0.818021 -0.001584 -0.575186
0.203914 0.568326 -0.453485 2.068267 0.135399 -0.818021 -0.001584 -0.575186
0.194399 0.568308 -0.439954 2.006081 0.176951 -0.818003 -0.001529 -0.575213
0.350205 0.573327 -0.345631 1.596581 -0.537596 0.520415 0.000825 -0.853913
0.364333 0.573354 -0.337021 1.559186 -0.602366 0.520415 0.000825 -0.853913
0.366214 -0.612616 -0.337021 1.559186 -0.602366 0.520415 0.000825 -0.853913
0.352087 -0.612643 -0.345631 1.596581 -0.537596 0.520451 0.000826 -0.853891
0.349807 0.573327 -0.329089 1.521791 -0.537596 -0.999710 -0.001586 -0.024023
0.350205 0.573327 -0.345631 1.596581 -0.537596 -0.999710 -0.001586 -0.024023
0.352087 -0.612643 -0.345631 1.596581 -0.537596 -0.999710 -0.001586 -0.024023
0.351689 -0.612643 -0.329089 1.521791 -0.537596 -0.999709 -0.001586 -0.024053
0.364333 0.573354 -0.337021 1.559186 -0.602366 0.479283 0.000760 0.877660
0.349807 0.573327 -0.329089 1.521791 -0.537596 0.479283 0.000760 0.877660
0.351689 -0.612643 -0.329089 1.521791 -0.537596 0.479283 0.000760 0.877660
0.366214 -0.612616 -0.337021 1.559186 -0.602366 0.479259 0.000760 0.877673
0.356663 -0.612634 -0.337247 1.559186 -0.559186 0.001884 -0.999998 0.000045
0.352087 -0.612643 -0.345631 1.596581 -0.537596 0.001884 -0.999998 0.000045
0.366214 -0.612616 -0.337021 1.559186 -0.602366 0.001884 -0.999998 0.000045
0.351689 -0.612643 -0.329089 1.521791 -0.537596 0.001884 -0.999998 0.000045
0.354782 0.573337 -0.337247 1.559186 -0.559186 -0.001884 0.999998 -0.000045
0.364333 0.573354 -0.337021 1.559186 -0.602366 -0.001884 0.999998 -0.000045
0.350205 0.573327 -0.345631 1.596581 -0.537596 -0.001884 0.999998 -0.000045
0.349807 0.573327 -0.329089 1.521791 -0.537596 -0.001884 0.999998 -0.000045
0.361773 0.568570 -0.341679 1.579961 -0.590278 0.730632 0.501101 -0.463762
0.456657 0.583050 -0.176548 0.843825 -1.037174 0.781250 0.507572 -0.363345
0.463666 0.568733 -0.180971 0.864601 -1.068267 0.730697 0.500982 -0.463789
0.347799 0.568552 -0.332815 1.538410 -0.528093 0.001378 -0.999999 0.000141
0.361773 0.568570 -0.341679 1.579961 -0.590278 0.001378 -0.999999 0.000141
0.463666 0.568733 -0.180971 0.864601 -1.068267 0.001378 -0.999999 0.000141
0.449693 0.568715 -0.172116 0.823050 -1.006082 0.001377 -0.999999 0.000141
0.347799 0.568552 -0.332815 1.538410 -0.528093 -0.732107 0.499006 0.463693
0.449693 0.568715 -0.172116 0.823050 -1.006082 -0.732107 0.499006 0.463693
0.456657 0.583050 -0.176548 0.843825 -1.037174 -0.823868 0.505232 0.256869
0.456675 0.573500 -0.176548 0.843825 -1.037174 0.535250 0.001111 0.844693
0.463666 0.568733 -0.180971 0.864601 -1.068267 0.535175 0.001163 0.844741
0.456657 0.583050 -0.176548 0.843825 -1.037174 0.535250 0.001009 0.844693
0.449693 0.568715 -0.172116 0.823050 -1.006082 0.535325 0.001163 0.844645
0.354782 0.573337 -0.337247 1.559186 -0.559186 -0.535617 -0.000851 -0.844461
0.354764 0.582887 -0.337247 1.559186 -0.559186 -0.535617 -0.001009 -0.844461
0.361773 0.568570 -0.341679 1.579961 -0.590278 -0.535733 -0.000771 -0.844387
0.347799 0.568552 -0.332815 1.538410 -0.528093 -0.535501 -0.000771 -0.844534
0.464824 0.568733 -0.177968 0.851121 -1.073851 0.852555 0.501070 -0.148591
0.489298 0.583105 0.010914 0.000000 -1.205022 0.860819 0.508492 0.020643
0.497464 0.568787 0.009503 0.007295 -1.241698 0.852604 0.500987 -0.148591
0.448535 0.568715 -0.175128 0.836530 -1.000498 0.001385 -0.999999 0.000023
0.464824 0.568733 -0.177968 0.851121 -1.073851 0.001121 -0.999999 0.000093
0.497464 0.568787 0.009503 0.007295 -1.241698 0.001385 -0.999999 0.000023
0.481167 0.568760 0.012334 -0.007295 -1.168345 0.001649 -0.999999 -0.000047
0.448535 0.568715 -0.175128 0.836530 -1.000498 -0.854017 0.498588 0.148542
0.481167 0.568760 0.012334 -0.007295 -1.168345 -0.853979 0.498654 0.148542
0.489298 0.583105 0.010914 0.000000 -1.205022 -0.859536 0.505143 -0.077647
0.489316 0.573554 0.010914 0.000000 -1.205022 0.171144 0.000527 0.985246
0.497464 0.568787 0.009503 0.007295 -1.241698 0.170976 0.000625 0.985275
0.489298 0.583105 0.010914 0.000000 -1.205022 0.171144 0.000332 0.985246
0.481167 0.568760 0.012334 -0.007295 -1.168345 0.171311 0.000625 0.985217
0.456675 0.573500 -0.176548 0.843825 -1.037174 -0.171759 -0.000270 -0.985139
0.456657 0.583050 -0.176548 0.843825 -1.037174 -0.171759 -0.000324 -0.985139
0.464824 0.568733 -0.177968 0.851121 -1.073851 -0.171806 -0.000243 -0.985131
0.448535 0.568715 -0.175128 0.836530 -1.000498 -0.171713 -0.000243 -0.985147
0.497393 0.568787 0.012722 -0.007295 -1.241698 0.844261 0.501403 0.189259
0.447712 0.583032 0.196602 -0.843825 -1.037174 0.809019 0.507792 0.296033
0.455807 0.568724 0.198411 -0.851121 -1.073851 0.844199 0.501516 0.189233
0.481249 0.568760 0.009104 0.007295 -1.168345 0.001665 -0.999999 0.000034
0.497393 0.568787 0.012722 -0.007295 -1.241698 0.001665 -0.999999 0.000034
0.455807 0.568724 0.198411 -0.851121 -1.073851 0.001665 -0.999999 0.000034
0.439663 0.568697 0.194794 -0.836530 -1.000498 0.001665 -0.999999 0.000034
0.481249 0.568760 0.009104 0.007295 -1.168345 -0.845944 0.498548 -0.189284
0.439663 0.568697 0.194794 -0.836530 -1.000498 -0.845873 0.498681 -0.189255
0.447712 0.583032 0.196602 -0.843825 -1.037174 -0.764440 0.505316 -0.400360
0.447730 0.573481 0.196602 -0.843825 -1.037174 -0.218654 -0.000326 0.975802
0.455807 0.568724 0.198411 -0.851121 -1.073851 -0.218727 -0.000284 0.975786
0.447712 0.583032 0.196602 -0.843825 -1.037174 -0.218654 -0.000412 0.975802
0.439663 0.568697 0.194794 -0.836530 -1.000498 -0.218582 -0.000283 0.975819
0.489316 0.573554 0.010914 0.000000 -1.205022 0.218683 0.000351 -0.975796
0.489298 0.583105 0.010914 0.000000 -1.205022 0.218683 0.000424 -0.975796
0.497393 0.568787 0.012722 -0.007295 -1.241698 0.218745 0.000315 -0.975782
0.481249 0.568760 0.009104 0.007295 -1.168345 0.218622 0.000315 -0.975810
0.454496 0.568724 0.201360 -0.864601 -1.068267 0.707601 0.501005 0.498291
0.338240 0.582860 0.352237 -1.559186 -0.559186 0.707601 0.501005 0.498291
0.345023 0.568543 0.356994 -1.579961 -0.590278 0.707650 0.500887 0.498340
0.440974 0.568697 0.191845 -0.823050 -1.006082 0.001647 -0.999999 0.000024
0.454496 0.568724 0.201360 -0.864601 -1.068267 0.001883 -0.999998 0.000162
0.345023 0.568543 0.356994 -1.579961 -0.590278 0.001647 -0.999999 0.000024
0.331493 0.568525 0.347479 -1.538410 -0.528093 0.001410 -0.999999 -0.000113
0.440974 0.568697 0.191845 -0.823050 -1.006082 -0.709189 0.498715 -0.498331
0.331493 0.568525 0.347479 -1.538410 -0.528093 -0.709117 0.498889 -0.498259
0.338240 0.582860 0.352237 -1.559186 -0.559186 -0.709046 0.499062 -0.498188
0.338249 0.573310 0.352237 -1.559186 -0.559186 -0.575231 -0.000733 0.817990
0.345023 0.568543 0.356994 -1.579961 -0.590278 -0.575096 -0.000828 0.818085
0.338240 0.582860 0.352237 -1.559186 -0.559186 -0.575232 -0.000542 0.817990
0.331493 0.568525 0.347479 -1.538410 -0.528093 -0.575366 -0.000828 0.817895
0.447730 0.573481 0.196602 -0.843825 -1.037174 0.575467 0.000900 -0.817825
0.447712 0.583032 0.196602 -0.843825 -1.037174 0.575466 0.001085 -0.817825
0.454496 0.568724 0.201360 -0.864601 -1.068267 0.575598 0.000808 -0.817733
0.440974 0.568697 0.191845 -0.823050 -1.006082 0.575336 0.000807 -0.817917
0.333672 0.573300 0.343853 -1.521791 -0.537596 0.520543 0.000828 -0.853835
0.347799 0.573327 0.352463 -1.559186 -0.602366 0.520415 0.000825 -0.853913
0.349681 -0.612643 0.352463 -1.559186 -0.602366 0.520543 0.000828 -0.853835
0.335562 -0.612670 0.343853 -1.521791 -0.537596 0.520671 0.000830 -0.853757
0.333284 0.573300 0.360386 -1.596581 -0.537596 -0.999716 -0.001590 -0.023779
0.333672 0.573300 0.343853 -1.521791 -0.537596 -0.999723 -0.001594 -0.023492
0.335562 -0.612670 0.343853 -1.521791 -0.537596 -0.999716 -0.001590 -0.023779
0.335164 -0.612670 0.360386 -1.596581 -0.537596 -0.999709 -0.001586 -0.024066
0.347799 0.573327 0.352463 -1.559186 -0.602366 0.479092 0.000760 0.877764
0.333284 0.573300 0.360386 -1.596581 -0.537596 0.479092 0.000760 0.877764
0.335164 -0.612670 0.360386 -1.596581 -0.537596 0.479092 0.000760 0.877764
0.349681 -0.612643 0.352463 -1.559186 -0.602366 0.479092 0.000760 0.877764
0.340139 -0.612661 0.352237 -1.559186 -0.559186 0.001885 -0.999998 0.000044
0.335562 -0.612670 0.343853 -1.521791 -0.537596 0.001885 -0.999998 0.000044
0.349681 -0.612643 0.352463 -1.559186 -0.602366 0.001885 -0.999998 0.000044
0.335164 -0.612670 0.360386 -1.596581 -0.537596 0.001884 -0.999998 0.000045
0.338249 0.573310 0.352237 -1.559186 -0.559186 -0.001884 0.999998 -0.000045
0.347799 0.573327 0.352463 -1.559186 -0.602366 -0.001884 0.999998 -0.000045
0.333672 0.573300 0.343853 -1.521791 -0.537596 -0.001884 0.999998 -0.000045
0.333284 0.573300 0.360386 -1.596581 -0.537596 -0.001885 0.999998 -0.000044
0.333817 0.578075 0.345245 -1.528093 -0.538410 -0.462888 -0.500960 -0.731282
0.338267 0.563759 0.352237 -1.559186 -0.559186 -0.462888 -0.500960 -0.731282
0.177567 0.563505 0.454130 -2.037174 0.156175 -0.309758 -0.507902 -0.803794
0.173118 0.577823 0.447138 -2.006082 0.176950 -0.462892 -0.500948 -0.731288
0.342672 0.578094 0.359219 -1.590279 -0.579961 -0.001722 0.999998 -0.000233
0.333817 0.578075 0.345245 -1.528093 -0.538410 -0.001722 0.999998 -0.000233
0.173118 0.577823 0.447138 -2.006082 0.176950 -0.001722 0.999998 -0.000233
0.181972 0.577840 0.461112 -2.068267 0.135399 -0.001708 0.999999 -0.000206
0.338267 0.563759 0.352237 -1.559186 -0.559186 0.464611 -0.499026 0.731512
0.342672 0.578094 0.359219 -1.590279 -0.579961 0.464611 -0.499026 0.731512
0.181972 0.577840 0.461112 -2.068267 0.135399 0.464611 -0.499026 0.731512
0.177567 0.563505 0.454130 -2.037174 0.156175 0.311432 -0.506726 0.803890
0.177550 0.573056 0.454130 -2.037174 0.156175 -0.844705 -0.001168 0.535230
0.173118 0.577823 0.447138 -2.006082 0.176950 -0.844902 -0.000956 0.534920
0.177567 0.563505 0.454130 -2.037174 0.156175 -0.844705 -0.001592 0.535231
0.181972 0.577840 0.461112 -2.068267 0.135399 -0.844509 -0.000955 0.535541
0.338249 0.573310 0.352237 -1.559186 -0.559186 0.844683 0.001173 -0.535266
0.338267 0.563759 0.352237 -1.559186 -0.559186 0.844682 0.001636 -0.535266
0.333817 0.578075 0.345245 -1.528093 -0.538410 0.844898 0.000942 -0.534927
0.342672 0.578094 0.359219 -1.590279 -0.579961 0.844469 0.000941 -0.535604
0.176121 0.577832 0.445981 -2.000498 0.163470 -0.147722 -0.500239 -0.853193
-0.009893 0.563207 0.486762 -2.205022 1.000000 0.021456 -0.507196 -0.861563
-0.011341 0.577533 0.478613 -2.168345 1.007296 -0.147721 -0.500243 -0.853191
0.178960 0.577832 0.462278 -2.073851 0.148880 -0.001545 0.999999 0.000269
0.176121 0.577832 0.445981 -2.000498 0.163470 -0.001545 0.999999 0.000269
-0.011341 0.577533 0.478613 -2.168345 1.007296 -0.001545 0.999999 0.000269
-0.008501 0.577533 0.494910 -2.241698 0.992705 -0.001545 0.999999 0.000269
0.178960 0.577832 0.462278 -2.073851 0.148880 0.149309 -0.499819 0.853163
-0.008501 0.577533 0.494910 -2.241698 0.992705 0.149309 -0.499819 0.853163
-0.009893 0.563207 0.486762 -2.205022 1.000000 -0.076839 -0.506664 0.858713
-0.009912 0.572758 0.486762 -2.205022 1.000000 -0.985153 -0.001891 0.171667
-0.011341 0.577533 0.478613 -2.168345 1.007296 -0.985148 -0.001908 0.171697
-0.009893 0.563207 0.486762 -2.205022 1.000000 -0.985153 -0.001857 0.171667
-0.008501 0.577533 0.494910 -2.241698 0.992705 -0.985158 -0.001908 0.171638
0.177550 0.573056 0.454130 -2.037174 0.156175 0.985153 0.001857 -0.171667
0.177567 0.563505 0.454130 -2.037174 0.156175 0.985153 0.001857 -0.171667
0.176121 0.577832 0.445981 -2.000498 0.163470 0.985153 0.001857 -0.171667
0.178960 0.577832 0.462278 -2.073851 0.148880 0.985153 0.001857 -0.171667
-0.008112 0.577533 0.478694 -2.168345 0.992705 0.190009 -0.499835 -0.845022
-0.195582 0.562917 0.445185 -2.037174 1.843825 0.296789 -0.506192 -0.809745
-0.193792 0.577244 0.437108 -2.000498 1.836530 0.190003 -0.500092 -0.844871
-0.011730 0.577533 0.494838 -2.241698 1.007296 -0.001567 0.999999 -0.000072
-0.008112 0.577533 0.478694 -2.168345 0.992705 -0.001485 0.999999 -0.000333
-0.193792 0.577244 0.437108 -2.000498 1.836530 -0.001567 0.999999 -0.000072
-0.197409 0.577234 0.453253 -2.073850 1.851121 -0.001650 0.999999 0.000188
-0.011730 0.577533 0.494838 -2.241698 1.007296 -0.188438 -0.500515 0.844971
-0.197409 0.577234 0.453253 -2.073850 1.851121 -0.188442 -0.500387 0.845046
-0.195582 0.562917 0.445185 -2.037174 1.843825 -0.399621 -0.506887 0.763786
-0.195592 0.572459 0.445185 -2.037174 1.843825 -0.975803 -0.001281 -0.218649
-0.193792 0.577244 0.437108 -2.000498 1.836530 -0.975871 -0.001462 -0.218344
-0.195582 0.562917 0.445185 -2.037174 1.843825 -0.975803 -0.000920 -0.218649
-0.197409 0.577234 0.453253 -2.073850 1.851121 -0.975734 -0.001462 -0.218954
-0.009912 0.572758 0.486762 -2.205022 1.000000 0.975801 0.001787 0.218655
-0.009893 0.563207 0.486762 -2.205022 1.000000 0.975801 0.001839 0.218655
-0.008112 0.577533 0.478694 -2.168345 0.992705 0.975791 0.001762 0.218698
-0.011730 0.577533 0.494838 -2.241698 1.007296 0.975811 0.001762 0.218611
-0.190843 0.577244 0.438420 -2.006081 1.823050 0.499014 -0.499374 -0.708245
-0.351216 0.562664 0.335703 -1.559186 2.559186 0.584167 -0.505706 -0.634831
-0.346477 0.577000 0.328939 -1.528093 2.538410 0.499049 -0.499234 -0.708319
-0.200357 0.577234 0.451941 -2.068267 1.864601 -0.001538 0.999999 -0.000084
-0.190843 0.577244 0.438420 -2.006081 1.823050 -0.001362 0.999999 -0.000293
-0.346477 0.577000 0.328939 -1.528093 2.538410 -0.001538 0.999999 -0.000084
-0.355992 0.576982 0.342469 -1.590278 2.579961 -0.001714 0.999999 0.000125
-0.200357 0.577234 0.451941 -2.068267 1.864601 -0.497594 -0.500324 0.708574
-0.355992 0.576982 0.342469 -1.590278 2.579961 -0.497552 -0.500491 0.708485
-0.351216 0.562664 0.335703 -1.559186 2.559186 -0.661488 -0.507197 0.552435
-0.351226 0.572215 0.335703 -1.559186 2.559186 -0.817993 -0.001042 -0.575227
-0.346477 0.577000 0.328939 -1.528093 2.538410 -0.818128 -0.001178 -0.575034
-0.351216 0.562664 0.335703 -1.559186 2.559186 -0.817994 -0.000771 -0.575226
-0.355992 0.576982 0.342469 -1.590278 2.579961 -0.817858 -0.001177 -0.575419
-0.195592 0.572459 0.445185 -2.037174 1.843825 0.817823 0.001204 0.575468
-0.195582 0.562917 0.445185 -2.037174 1.843825 0.817824 0.000771 0.575468
-0.190843 0.577244 0.438420 -2.006081 1.823050 0.818039 0.001420 0.575161
-0.200357 0.577234 0.451941 -2.068267 1.864601 0.817607 0.001420 0.575775
-0.355802 0.572206 0.327319 -1.521791 2.580776 0.520543 0.000828 -0.853835
-0.341684 0.572233 0.335929 -1.559186 2.516006 0.520671 0.000830 -0.853757
-0.339794 -0.613738 0.335929 -1.559186 2.516006 0.520543 0.000828 -0.853835
-0.353921 -0.613765 0.327319 -1.521791 2.580776 0.520415 0.000825 -0.853913
-0.356200 0.572206 0.343861 -1.596581 2.580776 -0.999709 -0.001586 -0.024053
-0.355802 0.572206 0.327319 -1.521791 2.580776 -0.999709 -0.001586 -0.024053
-0.353921 -0.613765 0.327319 -1.521791 2.580776 -0.999709 -0.001586 -0.024053
-0.354319 -0.613765 0.343861 -1.596581 2.580776 -0.999709 -0.001586 -0.024053
-0.341684 0.572233 0.335929 -1.559186 2.516006 0.479391 0.000762 0.877601
-0.356200 0.572206 0.343861 -1.596581 2.580776 0.479512 0.000761 0.877535
-0.354319 -0.613765 0.343861 -1.596581 2.580776 0.479391 0.000762 0.877601
-0.339794 -0.613738 0.335929 -1.559186 2.516006 0.479270 0.000764 0.877667
-0.349345 -0.613756 0.335703 -1.559186 2.559186 0.001884 -0.999998 0.000045
-0.353921 -0.613765 0.327319 -1.521791 2.580776 0.001884 -0.999998 0.000045
-0.339794 -0.613738 0.335929 -1.559186 2.516006 0.001884 -0.999998 0.000045
-0.354319 -0.613765 0.343861 -1.596581 2.580776 0.001884 -0.999998 0.000045
-0.351226 0.572215 0.335703 -1.559186 2.559186 -0.001885 0.999998 -0.000044
-0.341684 0.572233 0.335929 -1.559186 2.516006 -0.001885 0.999998 -0.000044
-0.355802 0.572206 0.327319 -1.521791 2.580776 -0.001885 0.999998 -0.000044
-0.356200 0.572206 0.343861 -1.596581 2.580776 -0.001884 0.999998 -0.000045
-0.344253 0.577000 0.331272 -1.538410 2.528093 0.732106 -0.499005 -0.463697
-0.453110 0.562501 0.175005 -0.843825 3.037174 0.804580 -0.506156 -0.310574
-0.446145 0.576836 0.170572 -0.823049 3.006082 0.732092 -0.499037 -0.463685
-0.358217 0.576982 0.340135 -1.579961 2.590279 -0.001378 0.999999 -0.000140
-0.344253 0.577000 0.331272 -1.538410 2.528093 -0.001378 0.999999 -0.000140
-0.446145 0.576836 0.170572 -0.823049 3.006082 -0.001378 0.999999 -0.000140
-0.460110 0.576819 0.179427 -0.864601 3.068267 -0.001378 0.999999 -0.000141
-0.358217 0.576982 0.340135 -1.579961 2.590279 -0.730755 -0.500862 0.463826
-0.460110 0.576819 0.179427 -0.864601 3.068267 -0.730804 -0.500750 0.463870
-0.453110 0.562501 0.175005 -0.843825 3.037174 -0.822375 -0.507623 0.256939
-0.453119 0.572052 0.175005 -0.843825 3.037174 -0.535496 -0.000943 -0.844537
-0.446145 0.576836 0.170572 -0.823049 3.006082 -0.535817 -0.001163 -0.844333
-0.453110 0.562501 0.175005 -0.843825 3.037174 -0.535497 -0.000505 -0.844537
-0.460110 0.576819 0.179427 -0.864601 3.068267 -0.535175 -0.001163 -0.844741
-0.351226 0.572215 0.335703 -1.559186 2.559186 0.535885 0.000697 0.844291
-0.351216 0.562664 0.335703 -1.559186 2.559186 0.535885 0.000505 0.844291
-0.344253 0.577000 0.331272 -1.538410 2.528093 0.536025 0.000794 0.844202
-0.358217 0.576982 0.340135 -1.579961 2.590279 0.535744 0.000793 0.844380
-0.444979 0.576846 0.173585 -0.836530 3.000498 0.853979 -0.498654 -0.148542
-0.485741 0.562456 -0.012457 0.000000 3.205022 0.862261 -0.505154 -0.036410
-0.477620 0.576792 -0.013877 0.007296 3.168345 0.854034 -0.498552 -0.148562
-0.461277 0.576819 0.176425 -0.851120 3.073851 -0.001657 0.999999 0.000000
-0.444979 0.576846 0.173585 -0.836530 3.000498 -0.001657 0.999999 0.000000
-0.477620 0.576792 -0.013877 0.007296 3.168345 -0.001657 0.999999 0.000000
-0.493918 0.576764 -0.011037 -0.007295 3.241698 -0.001687 0.999999 0.000003
-0.461277 0.576819 0.176425 -0.851120 3.073851 -0.852555 -0.501070 0.148591
-0.493918 0.576764 -0.011037 -0.007295 3.241698 -0.852378 -0.501388 0.148528
-0.485741 0.562456 -0.012457 0.000000 3.205022 -0.857826 -0.508039 -0.077664
-0.485760 0.571998 -0.012457 0.000000 3.205022 -0.171677 -0.000324 -0.985153
-0.477620 0.576792 -0.013877 0.007296 3.168345 -0.171677 -0.000324 -0.985153
-0.485741 0.562456 -0.012457 0.000000 3.205022 -0.171677 -0.000324 -0.985153
-0.493918 0.576764 -0.011037 -0.007295 3.241698 -0.171672 -0.000332 -0.985154
-0.453119 0.572052 0.175005 -0.843825 3.037174 0.171667 0.000216 0.985155
-0.453110 0.562501 0.175005 -0.843825 3.037174 0.171667 0.000162 0.985155
-0.444979 0.576846 0.173585 -0.836530 3.000498 0.171713 0.000243 0.985147
-0.461277 0.576819 0.176425 -0.851120 3.073851 0.171621 0.000242 0.985163
-0.477692 0.576792 -0.010648 -0.007295 3.168345 0.845914 -0.498610 0.189254
-0.444156 0.562519 -0.198146 0.843826 3.037174 0.810658 -0.505178 0.296023
-0.436115 0.576855 -0.196337 0.836530 3.000498 0.846028 -0.498414 0.189260
-0.493837 0.576764 -0.014266 0.007296 3.241698 -0.001694 0.999999 -0.000040
-0.477692 0.576792 -0.010648 -0.007295 3.168345 -0.001694 0.999999 -0.000040
-0.436115 0.576855 -0.196337 0.836530 3.000498 -0.001694 0.999999 -0.000040
-0.452251 0.576828 -0.199946 0.851121 3.073850 -0.001666 0.999999 -0.000031
-0.493837 0.576764 -0.014266 0.007296 3.241698 -0.844187 -0.501533 -0.189241
-0.452251 0.576828 -0.199946 0.851121 3.073850 -0.844219 -0.501480 -0.189242
-0.444156 0.562519 -0.198146 0.843826 3.037174 -0.762880 -0.507650 -0.400382
-0.444174 0.572070 -0.198146 0.843826 3.037174 0.218251 0.000701 -0.975892
-0.436115 0.576855 -0.196337 0.836530 3.000498 0.218496 0.000847 -0.975837
-0.444156 0.562519 -0.198146 0.843826 3.037174 0.218252 0.000411 -0.975892
-0.452251 0.576828 -0.199946 0.851121 3.073850 0.218006 0.000846 -0.975947
-0.485760 0.571998 -0.012457 0.000000 3.205022 -0.218648 -0.000364 0.975804
-0.485741 0.562456 -0.012457 0.000000 3.205022 -0.218648 -0.000412 0.975804
-0.477692 0.576792 -0.010648 -0.007295 3.168345 -0.218607 -0.000340 0.975813
-0.493837 0.576764 -0.014266 0.007296 3.241698 -0.218689 -0.000340 0.975795
-0.437418 0.576855 -0.193379 0.823050 3.006082 0.709092 -0.498963 0.498222
-0.334684 0.562691 -0.353780 1.559186 2.559186 0.709092 -0.498963 0.498222
-0.327946 0.577027 -0.349013 1.538410 2.528093 0.709099 -0.498950 0.498225
-0.450948 0.576836 -0.202903 0.864601 3.068267 -0.001410 0.999999 0.000113
-0.437418 0.576855 -0.193379 0.823050 3.006082 -0.001410 0.999999 0.000113
-0.327946 0.577027 -0.349013 1.538410 2.528093 -0.001410 0.999999 0.000113
-0.341467 0.577009 -0.358538 1.579961 2.590278 -0.001411 0.999999 0.000113
-0.450948 0.576836 -0.202903 0.864601 3.068267 -0.707497 -0.501202 -0.498242
-0.341467 0.577009 -0.358538 1.579961 2.590278 -0.707584 -0.501038 -0.498283
-0.334684 0.562691 -0.353780 1.559186 2.559186 -0.707671 -0.500874 -0.498324
-0.334702 0.572242 -0.353780 1.559186 2.559186 0.575851 0.001171 -0.817554
-0.327946 0.577027 -0.349013 1.538410 2.528093 0.575890 0.001199 -0.817526
-0.334684 0.562691 -0.353780 1.559186 2.559186 0.575851 0.001115 -0.817554
-0.341467 0.577009 -0.358538 1.579961 2.590278 0.575811 0.001199 -0.817582
-0.444174 0.572070 -0.198146 0.843826 3.037174 -0.575608 -0.001342 0.817724
-0.444156 0.562519 -0.198146 0.843826 3.037174 -0.575609 -0.001085 0.817725
-0.437418 0.576855 -0.193379 0.823050 3.006082 -0.575790 -0.001470 0.817596
-0.450948 0.576836 -0.202903 0.864601 3.068267 -0.575426 -0.001470 0.817852
-0.339278 0.572233 -0.362155 1.596581 2.580775 0.520554 0.000828 -0.853828
-0.325151 0.572260 -0.353545 1.559186 2.516006 0.520429 0.000825 -0.853905
-0.323269 -0.613719 -0.353544 1.559186 2.516006 0.520554 0.000828 -0.853828
-0.337388 -0.613738 -0.362155 1.596581 2.580775 0.520680 0.000830 -0.853752
-0.339667 0.572233 -0.345622 1.521791 2.580775 -0.999716 -0.001589 -0.023794
-0.339278 0.572233 -0.362155 1.596581 2.580775 -0.999722 -0.001593 -0.023522
-0.337388 -0.613738 -0.362155 1.596581 2.580775 -0.999716 -0.001589 -0.023794
-0.337786 -0.613738 -0.345622 1.521791 2.580775 -0.999709 -0.001586 -0.024066
-0.325151 0.572260 -0.353545 1.559186 2.516006 0.479092 0.000760 0.877764
-0.339667 0.572233 -0.345622 1.521791 2.580775 0.479092 0.000760 0.877764
-0.337786 -0.613738 -0.345622 1.521791 2.580775 0.479092 0.000760 0.877764
-0.323269 -0.613719 -0.353544 1.559186 2.516006 0.479057 0.000760 0.877784
-0.332811 -0.613729 -0.353780 1.559186 2.559186 0.001256 -0.999999 0.000031
-0.337388 -0.613738 -0.362155 1.596581 2.580775 0.001406 -0.999999 0.000306
-0.323269 -0.613719 -0.353544 1.559186 2.516006 0.000943 -1.000000 0.000023
-0.337786 -0.613738 -0.345622 1.521791 2.580775 0.001420 -0.999999 -0.000237
-0.334702 0.572242 -0.353780 1.559186 2.559186 -0.001883 0.999998 -0.000046
-0.325151 0.572260 -0.353545 1.559186 2.516006 -0.001883 0.999998 -0.000046
-0.339278 0.572233 -0.362155 1.596581 2.580775 -0.001883 0.999998 -0.000046
-0.339667 0.572233 -0.345622 1.521791 2.580775 -0.001886 0.999998 -0.000044
-0.339125 0.567457 -0.360762 1.590279 2.579961 -0.464469 0.499439 -0.731321
-0.334711 0.581793 -0.353780 1.559186 2.559186 -0.464512 0.499245 -0.731425
-0.174012 0.582046 -0.455664 2.037174 1.843825 -0.364076 0.506025 -0.781913
-0.178417 0.567720 -0.462655 2.068267 1.864600 -0.464426 0.499632 -0.731216
-0.330261 0.567476 -0.346789 1.528093 2.538410 0.001582 -0.999999 -0.000037
-0.339125 0.567457 -0.360762 1.590279 2.579961 0.001747 -0.999998 0.000180
-0.178417 0.567720 -0.462655 2.068267 1.864600 0.001582 -0.999999 -0.000037
-0.169562 0.567729 -0.448682 2.006082 1.823049 0.001417 -0.999999 -0.000254
-0.334711 0.581793 -0.353780 1.559186 2.559186 0.462931 0.500775 0.731382
-0.330261 0.567476 -0.346789 1.528093 2.538410 0.462892 0.500947 0.731289
-0.169562 0.567729 -0.448682 2.006082 1.823049 0.462931 0.500775 0.731382
-0.174012 0.582046 -0.455664 2.037174 1.843825 0.256106 0.506729 0.823186
-0.173994 0.572495 -0.455664 2.037174 1.843825 0.844683 0.001480 -0.535265
-0.178417 0.567720 -0.462655 2.068267 1.864600 0.844631 0.001425 -0.535346
-0.174012 0.582046 -0.455664 2.037174 1.843825 0.844683 0.001592 -0.535265
-0.169562 0.567729 -0.448682 2.006082 1.823049 0.844735 0.001425 -0.535183
-0.334702 0.572242 -0.353780 1.559186 2.559186 -0.844437 -0.000907 0.535653
-0.334711 0.581793 -0.353780 1.559186 2.559186 -0.844438 -0.000796 0.535653
-0.339125 0.567457 -0.360762 1.590279 2.579961 -0.844489 -0.000963 0.535572
-0.330261 0.567476 -0.346789 1.528093 2.538410 -0.844386 -0.000963 0.535735
-0.175404 0.567720 -0.463813 2.073851 1.851120 -0.149349 0.499819 -0.853156
0.012057 0.568018 -0.496454 2.241698 1.007295 -0.149349 0.499815 -0.853158
-0.172573 0.567729 -0.447524 2.000498 1.836529 0.001569 -0.999999 0.000004
-0.175404 0.567720 -0.463813 2.073851 1.851120 0.001639 -0.999999 0.000268
0.012057 0.568018 -0.496454 2.241698 1.007295 0.001569 -0.999999 0.000004
0.014888 0.568018 -0.480156 2.168345 0.992705 0.001499 -0.999999 -0.000260
-0.172573 0.567729 -0.447524 2.000498 1.836529 0.147769 0.500003 0.853324
0.014888 0.568018 -0.480156 2.168345 0.992705 0.147769 0.500086 0.853275
0.013468 0.572793 -0.488305 2.205022 1.000000 0.985251 0.001565 -0.171110
0.012057 0.568018 -0.496454 2.241698 1.007295 0.985208 0.001418 -0.171359
0.013450 0.582345 -0.488305 2.205022 1.000000 0.985250 0.001857 -0.171110
0.014888 0.568018 -0.480156 2.168345 0.992705 0.985294 0.001419 -0.170861
-0.173994 0.572495 -0.455664 2.037174 1.843825 -0.985229 -0.001601 0.171232
-0.174012 0.582046 -0.455664 2.037174 1.843825 -0.985229 -0.001857 0.171232
-0.175404 0.567720 -0.463813 2.073851 1.851120 -0.985192 -0.001474 0.171450
-0.172573 0.567729 -0.447524 2.000498 1.836529 -0.985267 -0.001474 0.171014
-0.267846 0.622474 -0.236340 0.000000 0.000000 -0.147917 0.959854 -0.238330
-0.140376 0.642344 -0.235426 0.000000 1.000000 -0.147917 0.959854 -0.238330
-0.262383 0.593044 -0.358257 1.000000 0.000000 -0.147917 0.959854 -0.238330
-0.134922 0.612923 -0.357353 1.000000 1.000000 -0.148014 0.959862 -0.238237
0.137438 0.647003 -0.238926 0.000000 0.000000 0.202458 0.951346 -0.232275
0.263778 0.621624 -0.232749 0.000000 1.000000 0.202458 0.951346 -0.232275
0.137420 0.617228 -0.360889 1.000000 0.000000 0.202458 0.951346 -0.232275
0.263751 0.591850 -0.354712 1.000000 1.000000 0.202472 0.951339 -0.232290
-0.138088 0.644244 0.264181 0.000000 0.000000 -0.195547 0.945339 0.260950
-0.264609 0.619960 0.257344 0.000000 1.000000 -0.195547 0.945339 0.260950
-0.138214 0.610816 0.385185 1.000000 0.000000 -0.195547 0.945339 0.260950
-0.264726 0.586532 0.378348 1.000000 1.000000 -0.195562 0.945333 0.260963
0.140296 0.638880 0.264199 0.000000 0.000000 0.165028 0.951130 0.260993
0.141481 0.605471 0.385203 1.000000 0.000000 0.165028 0.951130 0.260993
0.267531 0.618676 0.257380 0.000000 1.000000 0.165028 0.951130 0.260993
0.268716 0.585275 0.378383 1.000000 1.000000 0.164963 0.951158 0.260932
-0.433601 0.595984 0.072885 0.000000 0.000000 -0.283716 0.958908 0.000048
-0.309893 0.632586 0.072894 0.000000 1.000000 -0.283716 0.958908 0.000048
-0.433592 0.595993 -0.052650 1.000000 0.000000 -0.283716 0.958908 0.000048
-0.309884 0.632586 -0.052641 1.000000 1.000000 -0.283652 0.958927 -0.000020
0.323109 0.634874 0.072940 0.000000 0.000000 0.338812 0.940854 -0.000043
0.444492 0.591163 0.072948 0.000000 1.000000 0.338812 0.940854 -0.000043
0.323118 0.634865 -0.052604 1.000000 0.000000 0.338812 0.940854 -0.000043
0.444492 0.591163 -0.052596 1.000000 1.000000 0.338772 0.940868 -0.000000
0.001439 -0.696040 -0.001432 0.000000 1.000000 0.002259 -0.999997 -0.001232
0.241927 -0.695380 -0.096171 0.000000 0.000000 0.162119 -0.984681 -0.064195
0.259672 -0.695471 0.009838 1.000000 0.000000 0.173899 -0.984744 0.006277
0.259672 -0.695471 0.009838 0.000000 0.000000 0.173899 -0.984744 0.006277
0.232756 -0.695661 0.113892 1.000000 0.000000 0.156018 -0.984869 0.075443
0.232756 -0.695661 0.113892 0.000000 0.000000 0.156018 -0.984869 0.075443
0.165855 -0.695923 0.198004 1.000000 0.000000 0.111553 -0.985038 0.131362
0.165855 -0.695923 0.198004 0.000000 0.000000 0.111553 -0.985038 0.131362
0.070519 -0.696195 0.247631 1.000000 0.000000 0.048135 -0.985224 0.164369
0.070519 -0.696195 0.247631 0.000000 0.000000 0.048135 -0.985224 0.164369
-0.036755 -0.696448 0.254196 1.000000 0.000000 -0.023157 -0.985392 0.168723
-0.036755 -0.696448 0.254196 0.000000 0.000000 -0.023157 -0.985392 0.168723
-0.137428 -0.696628 0.216563 1.000000 0.000000 -0.090092 -0.985511 0.143709
-0.137428 -0.696628 0.216563 0.000000 0.000000 -0.090092 -0.985511 0.143709
-0.214087 -0.696710 0.141233 1.000000 0.000000 -0.141060 -0.985564 0.093630
-0.214087 -0.696710 0.141233 0.000000 0.000000 -0.141060 -0.985564 0.093630
-0.253484 -0.696674 0.041230 1.000000 0.000000 -0.167251 -0.985541 0.027135
-0.253484 -0.696674 0.041230 0.000000 0.000000 -0.167251 -0.985541 0.027135
-0.248799 -0.696529 -0.066144 1.000000 0.000000 -0.164136 -0.985445 -0.044248
-0.248799 -0.696529 -0.066144 0.000000 0.000000 -0.164136 -0.985445 -0.044248
-0.200846 -0.696303 -0.162339 1.000000 0.000000 -0.132259 -0.985291 -0.108205
-0.200846 -0.696303 -0.162339 0.000000 0.000000 -0.132259 -0.985291 -0.108205
-0.117910 -0.696022 -0.230705 1.000000 0.000000 -0.077112 -0.985110 -0.153662
-0.117910 -0.696022 -0.230705 0.000000 0.000000 -0.077112 -0.985110 -0.153662
-0.014344 -0.695761 -0.259429 1.000000 0.000000 -0.008282 -0.984932 -0.172745
-0.014344 -0.695761 -0.259429 0.000000 0.000000 -0.008282 -0.984932 -0.172745
0.091954 -0.695535 -0.243538 1.000000 0.000000 0.062413 -0.984783 -0.162192
0.091954 -0.695535 -0.243538 0.000000 0.000000 0.062413 -0.984783 -0.162192
0.182606 -0.695407 -0.185791 1.000000 0.000000 0.122656 -0.984698 -0.123800
0.182606 -0.695407 -0.185791 0.000000 0.000000 0.122656 -0.984698 -0.123800
0.241927 -0.695380 -0.096171 1.000000 0.000000 0.162119 -0.984681 -0.064195
0.241927 -0.695380 -0.096171 0.000000 1.000000 0.162119 -0.984681 -0.064195
0.438433 -0.618667 -0.173554 0.000000 0.000000 0.317544 -0.939911 -0.125430
0.470685 -0.618838 0.019144 1.000000 0.000000 0.340797 -0.940038 0.013607
0.259672 -0.695471 0.009838 1.000000 1.000000 0.173899 -0.984744 0.006277
0.259672 -0.695471 0.009838 0.000000 1.000000 0.173899 -0.984744 0.006277
0.470685 -0.618838 0.019144 0.000000 0.000000 0.340797 -0.940038 0.013607
0.421764 -0.619182 0.208297 1.000000 0.000000 0.305503 -0.940286 0.150098
0.232756 -0.695661 0.113892 1.000000 1.000000 0.156018 -0.984869 0.075443
0.232756 -0.695661 0.113892 0.000000 1.000000 0.156018 -0.984869 0.075443
0.421764 -0.619182 0.208297 0.000000 0.000000 0.305503 -0.940286 0.150098
0.300145 -0.619644 0.361208 1.000000 0.000000 0.217772 -0.940615 0.260419
0.165855 -0.695923 0.198004 1.000000 1.000000 0.111553 -0.985038 0.131362
0.165855 -0.695923 0.198004 0.000000 1.000000 0.111553 -0.985038 0.131362
0.300145 -0.619644 0.361208 0.000000 0.000000 0.217772 -0.940615 0.260419
0.126847 -0.620150 0.451425 1.000000 0.000000 0.092750 -0.940981 0.325504
0.070519 -0.696195 0.247631 1.000000 1.000000 0.048135 -0.985224 0.164369
0.070519 -0.696195 0.247631 0.000000 1.000000 0.048135 -0.985224 0.164369
0.126847 -0.620150 0.451425 0.000000 0.000000 0.092750 -0.940981 0.325504
-0.068166 -0.620611 0.463355 1.000000 0.000000 -0.047966 -0.941317 0.334097
-0.036755 -0.696448 0.254196 1.000000 1.000000 -0.023157 -0.985392 0.168723
-0.036755 -0.696448 0.254196 0.000000 1.000000 -0.023157 -0.985392 0.168723
-0.068166 -0.620611 0.463355 0.000000 0.000000 -0.047966 -0.941317 0.334097
-0.251178 -0.620937 0.394935 1.000000 0.000000 -0.180017 -0.941551 0.284737
-0.137428 -0.696628 0.216563 1.000000 1.000000 -0.090092 -0.985511 0.143709
-0.137428 -0.696628 0.216563 0.000000 1.000000 -0.090092 -0.985511 0.143709
-0.251178 -0.620937 0.394935 0.000000 0.000000 -0.180017 -0.941551 0.284737
-0.390533 -0.621081 0.257995 1.000000 0.000000 -0.280559 -0.941653 0.185946
-0.214087 -0.696710 0.141233 1.000000 1.000000 -0.141060 -0.985564 0.093630
-0.214087 -0.696710 0.141233 0.000000 1.000000 -0.141060 -0.985564 0.093630
-0.390533 -0.621081 0.257995 0.000000 0.000000 -0.280559 -0.941653 0.185946
-0.462145 -0.621018 0.076214 1.000000 0.000000 -0.332223 -0.941608 0.054790
-0.253484 -0.696674 0.041230 1.000000 1.000000 -0.167251 -0.985541 0.027135
-0.253484 -0.696674 0.041230 0.000000 1.000000 -0.167251 -0.985541 0.027135
-0.462145 -0.621018 0.076214 0.000000 0.000000 -0.332223 -0.941608 0.054790
-0.453626 -0.620756 -0.118971 1.000000 0.000000 -0.326073 -0.941420 -0.086051
-0.248799 -0.696529 -0.066144 1.000000 1.000000 -0.164136 -0.985445 -0.044248
-0.248799 -0.696529 -0.066144 0.000000 1.000000 -0.164136 -0.985445 -0.044248
-0.453626 -0.620756 -0.118971 0.000000 0.000000 -0.326073 -0.941420 -0.086051
-0.366447 -0.620340 -0.293825 1.000000 0.000000 -0.263186 -0.941115 -0.212216
-0.200846 -0.696303 -0.162339 1.000000 1.000000 -0.132259 -0.985291 -0.108205
-0.200846 -0.696303 -0.162339 0.000000 1.000000 -0.132259 -0.985291 -0.108205
-0.366447 -0.620340 -0.293825 0.000000 0.000000 -0.263186 -0.941115 -0.212216
-0.215697 -0.619842 -0.418103 1.000000 0.000000 -0.154427 -0.940758 -0.301871
-0.117910 -0.696022 -0.230705 1.000000 1.000000 -0.077112 -0.985110 -0.153662
-0.117910 -0.696022 -0.230705 0.000000 1.000000 -0.077112 -0.985110 -0.153662
-0.215697 -0.619842 -0.418103 0.000000 0.000000 -0.154427 -0.940758 -0.301871
-0.027422 -0.619354 -0.470325 1.000000 0.000000 -0.018564 -0.940408 -0.339541
-0.014344 -0.695761 -0.259429 1.000000 1.000000 -0.008282 -0.984932 -0.172745
-0.014344 -0.695761 -0.259429 0.000000 1.000000 -0.008282 -0.984932 -0.172745
-0.027422 -0.619354 -0.470325 0.000000 0.000000 -0.018564 -0.940408 -0.339541
0.165810 -0.618947 -0.441446 1.000000 0.000000 0.120844 -0.940113 -0.318723
0.091954 -0.695535 -0.243538 1.000000 1.000000 0.062413 -0.984783 -0.162192
0.091954 -0.695535 -0.243538 0.000000 1.000000 0.062413 -0.984783 -0.162192
0.165810 -0.618947 -0.441446 0.000000 0.000000 0.120844 -0.940113 -0.318723
0.330588 -0.618712 -0.336478 1.000000 0.000000 0.239726 -0.939944 -0.242976
0.182606 -0.695407 -0.185791 1.000000 1.000000 0.122656 -0.984698 -0.123800
0.182606 -0.695407 -0.185791 0.000000 1.000000 0.122656 -0.984698 -0.123800
0.330588 -0.618712 -0.336478 0.000000 0.000000 0.239726 -0.939944 -0.242976
0.438433 -0.618667 -0.173554 1.000000 0.000000 0.317544 -0.939911 -0.125430
0.241927 -0.695380 -0.096171 1.000000 1.000000 0.162119 -0.984681 -0.064195
0.435204 0.583864 -0.171067 0.000000 1.000000 0.268935 0.957351 -0.105611
0.214550 0.655440 -0.084124 0.000000 0.000000 0.268943 0.957349 -0.105607
0.230540 0.655359 0.011384 1.000000 0.000000 0.288928 0.957250 0.013882
0.467456 0.583701 0.021631 1.000000 1.000000 0.288933 0.957249 0.013888
0.467456 0.583701 0.021631 0.000000 1.000000 0.288933 0.957249 0.013888
0.230540 0.655359 0.011384 0.000000 0.000000 0.288928 0.957250 0.013882
0.206292 0.655188 0.105146 1.000000 0.000000 0.258619 0.957029 0.131192
0.418535 0.583349 0.210784 1.000000 1.000000 0.258624 0.957025 0.131210
0.418535 0.583349 0.210784 0.000000 1.000000 0.258624 0.957025 0.131210
0.206292 0.655188 0.105146 0.000000 0.000000 0.258619 0.957029 0.131192
0.146012 0.654961 0.180928 1.000000 0.000000 0.183190 0.956740 0.226033
0.296916 0.582887 0.363696 1.000000 1.000000 0.183189 0.956738 0.226039
0.296916 0.582887 0.363696 0.000000 1.000000 0.183189 0.956738 0.226039
0.146012 0.654961 0.180928 0.000000 0.000000 0.183190 0.956740 0.226033
0.060118 0.654708 0.225644 1.000000 0.000000 0.075702 0.956424 0.281996
0.123619 0.582381 0.453913 1.000000 1.000000 0.075710 0.956428 0.281983
0.123619 0.582381 0.453913 0.000000 1.000000 0.075710 0.956428 0.281983
0.060118 0.654708 0.225644 0.000000 0.000000 0.075702 0.956424 0.281996
-0.036538 0.654482 0.231559 1.000000 0.000000 -0.045219 0.956146 0.289378
-0.071395 0.581928 0.465842 1.000000 1.000000 -0.045214 0.956147 0.289375
-0.071395 0.581928 0.465842 0.000000 1.000000 -0.045214 0.956147 0.289375
-0.036538 0.654482 0.231559 0.000000 0.000000 -0.045219 0.956146 0.289378
-0.127244 0.654319 0.197651 1.000000 0.000000 -0.158724 0.955941 0.246949
-0.254406 0.581594 0.397422 1.000000 1.000000 -0.158745 0.955936 0.246953
-0.254406 0.581594 0.397422 0.000000 1.000000 -0.158745 0.955936 0.246953
-0.127244 0.654319 0.197651 0.000000 0.000000 -0.158724 0.955941 0.246949
-0.196315 0.654247 0.129774 1.000000 0.000000 -0.245152 0.955847 0.162041
-0.393761 0.581449 0.260482 1.000000 1.000000 -0.245148 0.955848 0.162042
-0.393761 0.581449 0.260482 0.000000 1.000000 -0.245148 0.955848 0.162042
-0.196315 0.654247 0.129774 0.000000 0.000000 -0.245152 0.955847 0.162041
-0.231805 0.654283 0.039675 1.000000 0.000000 -0.289548 0.955893 0.049299
-0.465374 0.581522 0.078701 1.000000 1.000000 -0.289542 0.955895 0.049304
-0.465374 0.581522 0.078701 0.000000 1.000000 -0.289542 0.955895 0.049304
-0.231805 0.654283 0.039675 0.000000 0.000000 -0.289548 0.955893 0.049299
-0.227590 0.654409 -0.057072 1.000000 0.000000 -0.284261 0.956057 -0.071763
-0.456854 0.581784 -0.116494 1.000000 1.000000 -0.284259 0.956058 -0.071758
-0.456854 0.581784 -0.116494 0.000000 1.000000 -0.284259 0.956058 -0.071758
-0.227590 0.654409 -0.057072 0.000000 0.000000 -0.284261 0.956057 -0.071763
-0.184377 0.654617 -0.143735 1.000000 0.000000 -0.230202 0.956315 -0.180191
-0.369676 0.582200 -0.291338 1.000000 1.000000 -0.230203 0.956314 -0.180196
-0.369676 0.582200 -0.291338 0.000000 1.000000 -0.230203 0.956314 -0.180196
-0.184377 0.654617 -0.143735 0.000000 0.000000 -0.230202 0.956315 -0.180191
-0.109662 0.654861 -0.205336 1.000000 0.000000 -0.136716 0.956617 -0.257279
-0.218926 0.582688 -0.415616 1.000000 1.000000 -0.136709 0.956613 -0.257298
-0.218926 0.582688 -0.415616 0.000000 1.000000 -0.136709 0.956613 -0.257298
-0.109662 0.654861 -0.205336 0.000000 0.000000 -0.136716 0.956617 -0.257279
-0.016342 0.655106 -0.231211 1.000000 0.000000 -0.019966 0.956922 -0.289659
-0.030651 0.583186 -0.467838 1.000000 1.000000 -0.019984 0.956927 -0.289641
-0.030651 0.583186 -0.467838 0.000000 1.000000 -0.019984 0.956927 -0.289641
-0.016342 0.655106 -0.231211 0.000000 0.000000 -0.019966 0.956922 -0.289659
0.079428 0.655305 -0.216904 1.000000 0.000000 0.099882 0.957174 -0.271740
0.162581 0.583584 -0.438959 1.000000 1.000000 0.099899 0.957170 -0.271746
0.162581 0.583584 -0.438959 0.000000 1.000000 0.099899 0.957170 -0.271746
0.079428 0.655305 -0.216904 0.000000 0.000000 0.099882 0.957174 -0.271740
0.161107 0.655423 -0.164872 1.000000 0.000000 0.202089 0.957322 -0.206628
0.327360 0.583828 -0.333991 1.000000 1.000000 0.202068 0.957326 -0.206629
0.327360 0.583828 -0.333991 0.000000 1.000000 0.202068 0.957326 -0.206629
0.161107 0.655423 -0.164872 0.000000 0.000000 0.202089 0.957322 -0.206628
0.214550 0.655440 -0.084124 1.000000 0.000000 0.268943 0.957349 -0.105607
0.435204 0.583864 -0.171067 1.000000 1.000000 0.268935 0.957351 -0.105611
-0.002034 0.651706 -0.237705 0.000000 1.000000 -0.001603 -0.000003 -0.999999
-0.002098 0.690705 -0.237705 0.000000 0.000000 -0.001614 0.000019 -0.999999
0.079229 0.690840 -0.223497 1.000000 0.000000 0.340500 0.000551 -0.940244
0.079292 0.651832 -0.223497 1.000000 1.000000 0.340501 0.000550 -0.940244
0.079292 0.651832 -0.223497 0.000000 1.000000 0.340501 0.000550 -0.940244
0.079229 0.690840 -0.223497 0.000000 0.000000 0.340500 0.000551 -0.940244
0.150797 0.690948 -0.182336 1.000000 0.000000 0.641486 0.001041 -0.767134
0.150860 0.651949 -0.182336 1.000000 1.000000 0.685405 0.001053 -0.728161
0.150860 0.651949 -0.182336 0.000000 1.000000 0.685405 0.001053 -0.728161
0.150797 0.690948 -0.182336 0.000000 0.000000 0.641486 0.001041 -0.767134
0.203977 0.691039 -0.119180 1.000000 0.000000 0.834280 0.001218 -0.551340
0.204031 0.652031 -0.119180 1.000000 1.000000 0.893125 0.001310 -0.449806
0.204031 0.652031 -0.119180 0.000000 1.000000 0.893125 0.001310 -0.449806
0.203977 0.691039 -0.119180 0.000000 0.000000 0.834280 0.001218 -0.551340
0.232340 0.691084 -0.041643 1.000000 0.000000 0.972537 0.001497 -0.232745
0.232403 0.652076 -0.041643 1.000000 1.000000 0.984514 0.001590 -0.175302
0.232403 0.652076 -0.041643 0.000000 1.000000 0.984514 0.001590 -0.175302
0.232340 0.691084 -0.041643 0.000000 0.000000 0.972537 0.001497 -0.232745
0.232476 0.691084 0.040923 1.000000 0.000000 0.985090 0.001597 0.172030
0.232539 0.652076 0.040923 1.000000 1.000000 0.985091 0.001604 0.172027
0.232539 0.652076 0.040923 0.000000 1.000000 0.985091 0.001604 0.172027
0.232476 0.691084 0.040923 0.000000 0.000000 0.985090 0.001597 0.172030
0.204366 0.691039 0.118550 1.000000 0.000000 0.866840 0.001406 0.498584
0.204429 0.652031 0.118550 1.000000 1.000000 0.866839 0.001400 0.498586
0.204429 0.652031 0.118550 0.000000 1.000000 0.866839 0.001400 0.498586
0.204366 0.691039 0.118550 0.000000 0.000000 0.866840 0.001406 0.498584
0.151403 0.690948 0.181878 1.000000 0.000000 0.644065 0.001040 0.764970
0.151466 0.651949 0.181878 1.000000 1.000000 0.644065 0.001040 0.764970
0.151466 0.651949 0.181878 0.000000 1.000000 0.644065 0.001040 0.764970
0.151403 0.690948 0.181878 0.000000 0.000000 0.644065 0.001040 0.764970
0.079971 0.690840 0.223283 1.000000 0.000000 0.343602 0.000556 0.939115
0.080034 0.651832 0.223283 1.000000 1.000000 0.343603 0.000559 0.939115
0.080034 0.651832 0.223283 0.000000 1.000000 0.343603 0.000559 0.939115
0.079971 0.690840 0.223283 0.000000 0.000000 0.343602 0.000556 0.939115
-0.001311 0.690713 0.237754 1.000000 0.000000 0.001620 0.000024 0.999999
-0.001257 0.651706 0.237754 1.000000 1.000000 0.001610 0.000002 0.999999
-0.001257 0.651706 0.237754 0.000000 1.000000 0.001610 0.000002 0.999999
-0.001311 0.690713 0.237754 0.000000 0.000000 0.001620 0.000024 0.999999
-0.082646 0.690578 0.223545 1.000000 0.000000 -0.340489 -0.000533 0.940248
-0.082583 0.651578 0.223545 1.000000 1.000000 -0.340498 -0.000554 0.940245
-0.082583 0.651578 0.223545 0.000000 1.000000 -0.340498 -0.000554 0.940245
-0.082646 0.690578 0.223545 0.000000 0.000000 -0.340489 -0.000533 0.940248
-0.154214 0.690469 0.182385 1.000000 0.000000 -0.641518 -0.001039 0.767107
-0.154151 0.651461 0.182385 1.000000 1.000000 -0.641517 -0.001036 0.767108
-0.154151 0.651461 0.182385 0.000000 1.000000 -0.641517 -0.001036 0.767108
-0.154214 0.690469 0.182385 0.000000 0.000000 -0.641518 -0.001039 0.767107
-0.207385 0.690379 0.119228 1.000000 0.000000 -0.865183 -0.001397 0.501455
-0.207322 0.651380 0.119228 1.000000 1.000000 -0.865183 -0.001398 0.501455
-0.207322 0.651380 0.119228 0.000000 1.000000 -0.865183 -0.001398 0.501455
-0.207385 0.690379 0.119228 0.000000 0.000000 -0.865183 -0.001397 0.501455
-0.235757 0.690334 0.041691 1.000000 0.000000 -0.984513 -0.001590 0.175303
-0.235694 0.651335 0.041691 1.000000 1.000000 -0.984513 -0.001590 0.175303
-0.235694 0.651335 0.041691 0.000000 1.000000 -0.984513 -0.001590 0.175303
-0.235757 0.690334 0.041691 0.000000 0.000000 -0.984513 -0.001590 0.175303
-0.235893 0.690334 -0.040865 1.000000 0.000000 -0.985094 -0.001591 -0.172011
-0.235830 0.651335 -0.040865 1.000000 1.000000 -0.985094 -0.001591 -0.172011
-0.235830 0.651335 -0.040865 0.000000 1.000000 -0.985094 -0.001591 -0.172011
-0.235893 0.690334 -0.040865 0.000000 0.000000 -0.985094 -0.001591 -0.172011
-0.207783 0.690379 -0.118502 1.000000 0.000000 -0.866829 -0.001405 -0.498604
-0.207720 0.651380 -0.118502 1.000000 1.000000 -0.836082 -0.001298 -0.548603
-0.207720 0.651380 -0.118502 0.000000 1.000000 -0.836082 -0.001298 -0.548603
-0.207783 0.690379 -0.118502 0.000000 0.000000 -0.866829 -0.001405 -0.498604
-0.154810 0.690469 -0.181830 1.000000 0.000000 -0.687809 -0.001015 -0.725891
-0.154756 0.651461 -0.181830 1.000000 1.000000 -0.644067 -0.000892 -0.764968
-0.154756 0.651461 -0.181830 0.000000 1.000000 -0.644067 -0.000892 -0.764968
-0.154810 0.690469 -0.181830 0.000000 0.000000 -0.687809 -0.001015 -0.725891
-0.083378 0.690577 -0.223235 1.000000 0.000000 -0.343605 -0.000476 -0.939114
-0.083324 0.651578 -0.223235 1.000000 1.000000 -0.343605 -0.000476 -0.939114
-0.083324 0.651578 -0.223235 0.000000 1.000000 -0.343605 -0.000476 -0.939114
-0.083378 0.690577 -0.223235 0.000000 0.000000 -0.343605 -0.000476 -0.939114
-0.002098 0.690705 -0.237705 1.000000 0.000000 -0.001614 0.000019 -0.999999
-0.002034 0.651706 -0.237705 1.000000 1.000000 -0.001603 -0.000003 -0.999999
-0.001708 0.690705 0.000024 0.560000 0.970000 -0.001605 0.999999 0.000025
0.079229 0.690840 -0.223497 0.560000 1.000000 -0.001605 0.999999 0.000025
-0.002098 0.690705 -0.237705 0.000000 1.000000 -0.001614 0.999999 0.000003
0.150797 0.690948 -0.182336 0.560000 1.000000 -0.001597 0.999999 0.000002
0.079229 0.690840 -0.223497 0.000000 1.000000 -0.001605 0.999999 0.000025
0.203977 0.691039 -0.119180 0.560000 1.000000 -0.001637 0.999999 -0.000018
0.150797 0.690948 -0.182336 0.000000 1.000000 -0.001597 0.999999 0.000002
0.232340 0.691084 -0.041643 0.560000 1.000000 -0.001623 0.999999 0.000005
0.203977 0.691039 -0.119180 0.000000 1.000000 -0.001637 0.999999 -0.000018
0.232476 0.691084 0.040923 0.560000 1.000000 -0.001623 0.999999 0.000001
0.232340 0.691084 -0.041643 0.000000 1.000000 -0.001623 0.999999 0.000005
0.204366 0.691039 0.118550 0.560000 1.000000 -0.001637 0.999999 0.000023
0.232476 0.691084 0.040923 0.000000 1.000000 -0.001623 0.999999 0.000001
0.151403 0.690948 0.181878 0.560000 1.000000 -0.001597 0.999999 0.000003
0.204366 0.691039 0.118550 0.000000 1.000000 -0.001637 0.999999 0.000023
0.079971 0.690840 0.223283 0.560000 1.000000 -0.001553 0.999999 -0.000039
0.151403 0.690948 0.181878 0.000000 1.000000 -0.001597 0.999999 0.000003
-0.001311 0.690713 0.237754 0.560000 1.000000 -0.001611 0.999999 -0.000035
0.079971 0.690840 0.223283 0.000000 1.000000 -0.001553 0.999999 -0.000039
-0.082646 0.690578 0.223545 0.560000 1.000000 -0.001595 0.999999 -0.000012
-0.001311 0.690713 0.237754 0.000000 1.000000 -0.001611 0.999999 -0.000035
-0.154214 0.690469 0.182385 0.560000 1.000000 -0.001574 0.999999 -0.000025
-0.082646 0.690578 0.223545 0.000000 1.000000 -0.001595 0.999999 -0.000012
-0.207385 0.690379 0.119228 0.560000 1.000000 -0.001602 0.999999 -0.000034
-0.154214 0.690469 0.182385 0.000000 1.000000 -0.001574 0.999999 -0.000025
-0.235757 0.690334 0.041691 0.560000 1.000000 -0.001585 0.999999 -0.000002
-0.207385 0.690379 0.119228 0.000000 1.000000 -0.001602 0.999999 -0.000034
-0.235893 0.690334 -0.040865 0.560000 1.000000 -0.001585 0.999999 0.000007
-0.235757 0.690334 0.041691 0.000000 1.000000 -0.001585 0.999999 -0.000002
-0.207783 0.690379 -0.118502 0.560000 1.000000 -0.001602 0.999999 0.000040
-0.235893 0.690334 -0.040865 0.000000 1.000000 -0.001585 0.999999 0.000007
-0.154810 0.690469 -0.181830 0.560000 1.000000 -0.001572 0.999999 0.000028
-0.207783 0.690379 -0.118502 0.000000 1.000000 -0.001602 0.999999 0.000040
-0.083378 0.690577 -0.223235 0.560000 1.000000 -0.001544 0.999999 -0.000004
-0.154810 0.690469 -0.181830 0.000000 1.000000 -0.001572 0.999999 0.000028
-0.002098 0.690705 -0.237705 0.560000 1.000000 -0.001614 0.999999 0.000003
-0.083378 0.690577 -0.223235 0.000000 1.000000 -0.001544 0.999999 -0.000004
0.438433 -0.618667 -0.173554 0.103822 0.200765 0.930406 0.003256 -0.366517
0.435204 0.583864 -0.171067 0.102301 0.998982 0.930411 0.003254 -0.366504
0.467446 0.583701 0.021631 -0.014129 0.998798 0.999045 0.002596 0.043615
0.470685 -0.618838 0.019144 -0.012662 0.200582 0.999046 0.002600 0.043593
0.470685 -0.618838 0.019144 1.717339 0.200582 0.999046 0.002600 0.043593
0.467446 0.583701 0.021631 1.715871 0.998798 0.999045 0.002596 0.043615
0.418535 0.583349 0.210784 1.599832 0.998669 0.894944 0.001486 0.446175
0.421764 -0.619182 0.208306 1.600987 0.200452 0.894937 0.001484 0.446190
0.296916 0.582887 0.363687 1.484445 0.998616 0.636101 0.000118 0.771606
0.300145 -0.619644 0.361208 1.485088 0.200400 0.636101 0.000118 0.771606
0.123610 0.582381 0.453913 1.369743 0.998648 0.267266 -0.001272 0.963622
0.126847 -0.620150 0.451425 1.369772 0.200432 0.267256 -0.001273 0.963625
-0.071395 0.581928 0.465842 1.255519 0.998761 -0.147785 -0.002438 0.989016
-0.068166 -0.620611 0.463364 1.254936 0.200545 -0.147764 -0.002435 0.989020
-0.254406 0.581594 0.397422 1.141428 0.998934 -0.537278 -0.003181 0.843399
-0.251178 -0.620937 0.394944 1.140333 0.200718 -0.537278 -0.003181 0.843399
-0.393761 0.581449 0.260482 1.027142 0.999138 -0.833868 -0.003376 0.551954
-0.390533 -0.621081 0.258004 1.025720 0.200922 -0.833867 -0.003376 0.551955
-0.465374 0.581522 0.078701 0.912480 0.999337 -0.986278 -0.002992 0.165068
-0.462136 -0.621018 0.076222 0.910972 0.201121 -0.986281 -0.002996 0.165045
-0.456854 0.581784 -0.116494 0.797440 0.999497 -0.968152 -0.002087 -0.250355
-0.453626 -0.620756 -0.118971 0.796104 0.201281 -0.968158 -0.002083 -0.250332
-0.369685 0.582200 -0.291347 0.682130 0.999590 -0.782622 -0.000821 -0.622496
-0.366447 -0.620340 -0.293825 0.681197 0.201374 -0.782610 -0.000824 -0.622512
-0.218926 0.582688 -0.415625 0.566639 0.999600 -0.461756 0.000586 -0.887007
-0.215697 -0.619842 -0.418103 0.566273 0.201384 -0.461769 0.000588 -0.887000
-0.030659 0.583186 -0.467838 0.450965 0.999526 -0.061080 0.001893 -0.998131
-0.027422 -0.619354 -0.470316 0.451232 0.201310 -0.061074 0.001892 -0.998131
0.162572 0.583584 -0.438968 0.335028 0.999380 0.350171 0.002873 -0.936681
0.165810 -0.618947 -0.441446 0.335886 0.201164 0.350171 0.002873 -0.936681
0.327360 0.583828 -0.333991 0.218776 0.999188 0.700887 0.003354 -0.713265
0.330588 -0.618712 -0.336469 0.220079 0.200971 0.700896 0.003351 -0.713256

Indices: 
0 1 2 2 3 0 4 5 6 6 7 4 8 9 10 10 11 8 12 13 14 12 15 13 12 14 15 16 17 18 16 18 19 16 19 17 20 2 21 21 22 20 23 24 25 25 26 23 11 27 28 28 29 11 30 31 32 30 33 31 30 32 33 34 35 36 34 36 37 34 37 35 38 21 39 39 40 38 41 42 43 43 44 41 29 45 46 46 47 29 48 49 50 48 51 49 48 50 51 52 53 54 52 54 55 52 55 53 56 39 57 57 58 56 59 60 61 61 62 59 47 63 64 64 65 47 66 67 68 66 69 67 66 68 69 70 71 72 70 72 73 70 73 71 74 57 75 75 76 74 77 78 79 79 80 77 65 81 82 82 83 65 84 85 86 84 87 85 84 86 87 88 89 90 88 90 91 88 91 89 92 75 93 93 94 92 95 96 97 97 98 95 83 99 100 100 101 83 102 103 104 102 105 103 102 104 105 106 107 108 106 108 109 106 109 107 110 111 112 112 113 110 114 115 116 116 117 114 118 119 120 120 121 118 122 123 124 122 125 123 122 124 125 126 127 128 126 128 129 126 129 127 130 112 131 131 132 130 133 134 135 135 136 133 121 137 138 138 139 121 140 141 142 140 143 141 140 142 143 144 145 146 144 146 147 144 147 145 148 131 149 149 150 148 151 152 153 153 154 151 139 155 156 156 157 139 158 159 160 158 161 159 158 160 161 162 163 164 162 164 165 162 165 163 166 149 167 167 168 166 169 170 171 171 172 169 157 173 174 174 175 157 176 177 178 176 179 177 176 178 179 180 181 182 180 182 183 180 183 181 184 167 185 185 186 184 187 188 189 189 190 187 175 191 192 192 193 175 194 195 196 194 197 195 194 196 197 198 199 200 198 200 201 198 201 199 202 185 203 203 204 202 205 206 207 207 208 205 193 209 210 210 211 193 212 213 214 212 215 213 212 214 215 216 217 218 216 218 219 216 219 217 220 203 221 221 222 220 223 224 225 225 226 223 211 227 228 228 229 211 230 231 232 230 233 231 230 232 233 234 235 236 234 236 237 234 237 235 238 221 239 239 240 238 241 242 243 243 244 241 229 245 246 246 247 229 248 249 250 248 251 249 248 250 251 252 253 254 252 254 255 252 255 253 256 257 258 258 259 256 260 261 262 262 263 260 264 265 266 266 267 264 268 269 270 268 271 269 268 270 271 272 273 274 272 274 275 272 275 273 276 258 1 1 277 276 278 279 280 280 281 278 267 282 283 283 8 267 284 285 286 284 287 285 284 286 287 288 289 290 288 290 291 288 291 289 292 293 294 294 295 292 296 297 298 298 299 296 300 301 302 302 303 300 304 305 306 304 307 305 304 306 307 308 309 310 308 310 311 308 311 309 312 294 313 313 314 312 315 316 317 317 318 315 303 319 320 320 321 303 322 323 324 322 325 323 322 324 325 326 327 328 326 328 329 326 329 327 330 331 332 332 333 330 334 335 336 336 337 334 338 339 340 340 341 338 342 343 344 342 345 343 342 344 345 346 347 348 346 348 349 346 349 347 350 313 351 351 352 350 353 354 355 355 356 353 321 357 358 358 359 321 360 361 362 360 363 361 360 362 363 364 365 366 364 366 367 364 367 365 368 351 369 369 370 368 371 372 373 373 374 371 359 375 376 376 377 359 378 379 380 378 381 379 378 380 381 382 383 384 382 384 385 382 385 383 386 369 387 387 388 386 389 390 391 391 392 389 377 393 394 394 395 377 396 397 398 396 399 397 396 398 399 400 401 402 400 402 403 400 403 401 404 387 405 405 406 404 407 408 409 409 410 407 395 411 412 412 413 395 414 415 416 414 417 415 414 416 417 418 419 420 418 420 421 418 421 419 422 423 424 424 425 422 426 427 428 428 429 426 430 431 432 432 433 430 434 435 436 434 437 435 434 436 437 438 439 440 438 440 441 438 441 439 442 443 444 444 445 442 446 447 448 448 449 446 450 451 452 452 453 450 454 455 456 454 457 455 454 456 457 458 459 460 458 460 461 458 461 459 462 444 463 463 464 462 465 466 467 467 468 465 453 469 470 470 471 453 472 473 474 472 475 473 472 474 475 476 477 478 476 478 479 476 479 477 480 463 481 481 482 480 483 484 485 485 486 483 471 487 488 488 489 471 490 491 492 490 493 491 490 492 493 494 495 496 494 496 497 494 497 495 498 481 499 499 500 498 501 502 503 503 504 501 489 505 506 506 507 489 508 509 510 508 511 509 508 510 511 512 513 514 512 514 515 512 515 513 516 517 518 518 519 516 520 521 522 522 523 520 524 525 526 526 527 524 528 529 530 528 531 529 528 530 531 532 533 534 532 534 535 532 535 533 536 499 537 537 538 536 539 540 541 541 542 539 507 543 544 544 545 507 546 547 548 546 549 547 546 548 549 550 551 552 550 552 553 550 553 551 554 537 555 555 556 554 557 558 559 559 560 557 545 561 562 562 563 545 564 565 566 564 567 565 564 566 567 568 569 570 568 570 571 568 571 569 572 555 573 573 574 572 575 576 577 577 578 575 563 579 580 580 581 563 582 583 584 582 585 583 582 584 585 586 587 588 586 588 589 586 589 587 590 573 591 591 592 590 593 594 595 595 596 593 581 597 598 598 599 581 600 601 602 600 603 601 600 602 603 604 605 606 604 606 607 604 607 605 608 609 610 610 611 608 612 613 614 614 615 612 616 617 618 618 619 616 620 621 622 620 623 621 620 622 623 624 625 626 624 626 627 624 627 625 628 629 630 630 631 628 632 633 634 634 635 632 636 637 638 638 639 636 640 641 642 640 643 641 640 642 643 644 645 646 644 646 647 644 647 645 648 630 293 293 649 648 650 651 652 652 653 650 639 654 655 655 300 639 656 657 658 656 659 657 656 658 659 660 661 662 660 662 663 660 663 661 664 665 666 667 666 665 668 669 670 671 670 669 672 673 674 675 674 673 676 677 678 679 678 677 680 681 682 683 682 681 684 685 686 687 686 685 688 689 690 688 691 692 688 693 694 688 695 696 688 697 698 688 699 700 688 701 702 688 703 704 688 705 706 688 707 708 688 709 710 688 711 712 688 713 714 688 715 716 688 717 718 719 720 721 719 721 722 723 724 725 723 725 726 727 728 729 727 729 730 731 732 733 731 733 734 735 736 737 735 737 738 739 740 741 739 741 742 743 744 745 743 745 746 747 748 749 747 749 750 751 752 753 751 753 754 755 756 757 755 757 758 759 760 761 759 761 762 763 764 765 763 765 766 767 768 769 767 769 770 771 772 773 771 773 774 775 776 777 775 777 778 779 780 781 779 781 782 783 784 785 783 785 786 787 788 789 787 789 790 791 792 793 791 793 794 795 796 797 795 797 798 799 800 801 799 801 802 803 804 805 803 805 806 807 808 809 807 809 810 811 812 813 811 813 814 815 816 817 815 817 818 819 820 821 819 821 822 823 824 825 823 825 826 827 828 829 827 829 830 831 832 833 831 833 834 835 836 837 835 837 838 839 840 841 839 841 842 843 844 845 843 845 846 847 848 849 847 849 850 851 852 853 851 853 854 855 856 857 855 857 858 859 860 861 859 861 862 863 864 865 863 865 866 867 868 869 867 869 870 871 872 873 871 873 874 875 876 877 875 877 878 879 880 881 879 881 882 883 884 885 883 885 886 887 888 889 887 889 890 891 892 893 891 893 894 895 896 897 895 897 898 899 900 901 899 901 902 903 904 905 903 905 906 907 908 909 907 909 910 911 912 913 911 914 915 911 916 917 911 918 919 911 920 921 911 922 923 911 924 925 911 926 927 911 928 929 911 930 931 911 932 933 911 934 935 911 936 937 911 938 939 911 940 941 911 942 943 911 944 945 911 946 947 948 949 950 948 950 951 952 953 954 952 954 955 955 954 956 955 956 957 957 956 958 957 958 959 959 958 960 959 960 961 961 960 962 961 962 963 963 962 964 963 964 965 965 964 966 965 966 967 967 966 968 967 968 969 969 968 970 969 970 971 971 970 972 971 972 973 973 972 974 973 974 975 975 974 976 975 976 977 977 976 978 977 978 979 979 978 949 979 949 948 