Indexed mesh of 710 triangles 
Vertex Count: 1148
Index Count: 2130
Material Count: 7
Texture Count: 7
Scale in meters: 1
Has transparencies: 0

Texture 0: models\iss_parts\textures\ISS_DCS.BMP
Texture 1: models\iss_parts\textures\ISSBS.BMP
Texture 2: models\iss_parts\textures\ISSCOVER.BMP
Texture 3: models\iss_parts\textures\ISSDISH.BMP
Texture 4: models\iss_parts\textures\ISSMOD.BMP
Texture 5: models\iss_parts\textures\ISSPANEL.BMP
Texture 6: models\iss_parts\textures\NASDA.BMP

Group name: iss_issdis.005
Material name: issdish_with_Tex
Material Start: 0
Material Size: 1296
Material Filename: 3
Light Map: 0
Ilumination: 0
Diffuse color: 1 1 1
Specular power: 88.2353
Transparency: 1

Group name: iss_issdis.005
Material name: issbs_with_Tex:
Material Start: 1296
Material Size: 36
Material Filename: 1
Light Map: 0
Ilumination: 0
Diffuse color: 1 1 1
Specular power: 88.2353
Transparency: 1

Group name: iss_issdis.005
Material name: isscover_with_Te
Material Start: 1332
Material Size: 108
Material Filename: 2
Light Map: 0
Ilumination: 0
Diffuse color: 1 1 1
Specular power: 88.2353
Transparency: 1

Group name: iss_issdis.005
Material name: issmod_with_Tex:
Material Start: 1440
Material Size: 504
Material Filename: 4
Light Map: 0
Ilumination: 0
Diffuse color: 1 1 1
Specular power: 88.2353
Transparency: 1

Group name: iss_issdis.005
Material name: isspanel_with_Te
Material Start: 1944
Material Size: 90
Material Filename: 5
Light Map: 0
Ilumination: 0
Diffuse color: 1 1 1
Specular power: 88.2353
Transparency: 1

Group name: iss_issdis.005
Material name: nasda_with_Tex:
Material Start: 2034
Material Size: 12
Material Filename: 6
Light Map: 0
Ilumination: 0
Diffuse color: 1 1 1
Specular power: 88.2353
Transparency: 1

Group name: iss_issdis.005
Material name: iss_dcs_with_Tex
Material Start: 2046
Material Size: 84
Material Filename: 0
Light Map: 0
Ilumination: 0
Diffuse color: 1 1 1
Specular power: 88.2353
Transparency: 1

Vertex format {	3Dvector POSITION; 2Dvector TEXTURE; 3Dvector NORMAL }

Vertices:

0.437420 -0.002503 -0.281433 2.241698 0.992705 -0.501991 0.189832 -0.843782
0.429246 -0.003557 -0.276806 2.205022 1.000000 -0.508097 -0.035807 -0.860555
0.429117 0.102494 -0.252872 2.037174 0.156175 -0.508546 0.296518 -0.808367
0.437296 0.103548 -0.257499 2.073851 0.148879 -0.501861 0.189862 -0.843853
0.437440 -0.004582 -0.272214 2.168345 1.007295 0.999998 0.001539 -0.001524
0.437420 -0.002503 -0.281433 2.241698 0.992705 0.999997 0.001579 -0.001813
0.437296 0.103548 -0.257499 2.073851 0.148879 0.999998 0.001539 -0.001524
0.437310 0.101469 -0.248280 2.000498 0.163470 0.999998 0.001500 -0.001235
0.429246 -0.003557 -0.276806 2.205022 1.000000 -0.505542 -0.022892 0.862498
0.437440 -0.004582 -0.272214 2.168345 1.007295 -0.497963 -0.191491 0.845792
0.437310 0.101469 -0.248280 2.000498 0.163470 -0.497963 -0.191491 0.845792
0.429117 0.102494 -0.252872 2.037174 0.156175 -0.504403 -0.402451 0.763944
0.434574 0.102504 -0.252881 2.037174 0.156175 -0.001281 0.975487 0.220052
0.437296 0.103548 -0.257499 2.073851 0.148879 -0.001229 0.975507 0.219964
0.429117 0.102494 -0.252872 2.037174 0.156175 -0.001384 0.975487 0.220052
0.437310 0.101469 -0.248280 2.000498 0.163470 -0.001228 0.975468 0.220139
0.434704 -0.003547 -0.276816 2.205022 1.000000 0.001347 -0.975490 -0.220041
0.429246 -0.003557 -0.276806 2.205022 1.000000 0.001384 -0.975490 -0.220041
0.437420 -0.002503 -0.281433 2.241698 0.992705 0.001329 -0.975497 -0.220010
0.437440 -0.004582 -0.272214 2.168345 1.007295 0.001329 -0.975483 -0.220072
0.437291 0.105234 -0.256747 2.068267 0.135399 -0.502085 0.498580 -0.706632
0.429082 0.191316 -0.190178 1.559186 -0.559186 -0.508456 0.583666 -0.633093
0.437256 0.194052 -0.194053 1.590279 -0.579961 -0.501982 0.498623 -0.706675
0.437316 0.099782 -0.249026 2.006082 0.176950 0.999997 0.001637 -0.001725
0.437291 0.105234 -0.256747 2.068267 0.135399 0.999997 0.001758 -0.001932
0.437256 0.194052 -0.194053 1.590279 -0.579961 0.999997 0.001637 -0.001725
0.437276 0.188600 -0.186332 1.528093 -0.538410 0.999998 0.001517 -0.001519
0.437316 0.099782 -0.249026 2.006082 0.176950 -0.497770 -0.500305 0.708463
0.437276 0.188600 -0.186332 1.528093 -0.538410 -0.497976 -0.500219 0.708378
0.429082 0.191316 -0.190178 1.559186 -0.559186 -0.504681 -0.663759 0.552015
0.434534 0.191321 -0.190188 1.559186 -0.559186 0.000035 0.816849 0.576851
0.437256 0.194052 -0.194053 1.590279 -0.579961 -0.000102 0.816712 0.577046
0.429082 0.191316 -0.190178 1.559186 -0.559186 0.000309 0.816850 0.576851
0.437276 0.188600 -0.186332 1.528093 -0.538410 -0.000103 0.816986 0.576657
0.434574 0.102504 -0.252881 2.037174 0.156175 0.000440 -0.816873 -0.576817
0.429117 0.102494 -0.252872 2.037174 0.156175 0.000440 -0.816873 -0.576817
0.437291 0.105234 -0.256747 2.068267 0.135399 0.000440 -0.816873 -0.576817
0.437316 0.099782 -0.249026 2.006082 0.176950 0.000365 -0.816849 -0.576852
0.437256 0.195321 -0.192715 1.579961 -0.590278 -0.501897 0.731379 -0.461719
0.429142 0.249379 -0.098266 0.843825 -1.037174 -0.508366 0.781731 -0.361194
0.437316 0.253389 -0.100803 0.864601 -1.068267 -0.502076 0.731281 -0.461679
0.437276 0.187331 -0.187665 1.538410 -0.528093 0.999998 0.001497 -0.001593
0.437256 0.195321 -0.192715 1.579961 -0.590278 0.999998 0.001497 -0.001593
0.437316 0.253389 -0.100803 0.864601 -1.068267 0.999998 0.001497 -0.001593
0.437335 0.245398 -0.095753 0.823050 -1.006082 0.999998 0.001497 -0.001593
0.437276 0.187331 -0.187665 1.538410 -0.528093 -0.498422 -0.732774 0.463269
0.437335 0.245398 -0.095753 0.823050 -1.006082 -0.498265 -0.732858 0.463304
0.429142 0.249379 -0.098266 0.843825 -1.037174 -0.505443 -0.805206 0.310113
0.434594 0.249389 -0.098276 0.843825 -1.037174 0.000286 0.534234 0.845336
0.437316 0.253389 -0.100803 0.864601 -1.068267 0.000145 0.534026 0.845468
0.429142 0.249379 -0.098266 0.843825 -1.037174 0.000571 0.534235 0.845336
0.437335 0.245398 -0.095753 0.823050 -1.006082 0.000144 0.534442 0.845205
0.434534 0.191321 -0.190188 1.559186 -0.559186 -0.000613 -0.534235 -0.845336
0.429082 0.191316 -0.190178 1.559186 -0.559186 -0.001060 -0.534235 -0.845335
0.437256 0.195321 -0.192715 1.579961 -0.590278 -0.000390 -0.533907 -0.845543
0.437276 0.187331 -0.187665 1.538410 -0.528093 -0.000389 -0.534562 -0.845129
0.437316 0.254050 -0.099081 0.851121 -1.073851 -0.501714 0.852571 -0.146311
0.429286 0.267850 0.008870 0.000000 -1.205022 -0.507977 0.860693 -0.034148
0.437465 0.272522 0.008054 0.007295 -1.241698 -0.501591 0.852643 -0.146311
0.437335 0.244737 -0.097475 0.836530 -1.000498 0.999997 0.001595 -0.001647
0.437316 0.254050 -0.099081 0.851121 -1.073851 0.999997 0.001852 -0.001715
0.437465 0.272522 0.008054 0.007295 -1.241698 0.999997 0.001595 -0.001647
0.437480 0.263209 0.009661 -0.007295 -1.168345 0.999998 0.001338 -0.001579
0.437335 0.244737 -0.097475 0.836530 -1.000498 -0.498244 -0.854317 0.147971
0.437480 0.263209 0.009661 -0.007295 -1.168345 -0.498244 -0.854317 0.147971
0.429286 0.267850 0.008870 0.000000 -1.205022 -0.505090 -0.859512 -0.078246
0.434744 0.267861 0.008865 0.000000 -1.205022 0.001193 0.170043 0.985436
0.437465 0.272522 0.008054 0.007295 -1.241698 0.001493 0.170557 0.985347
0.429286 0.267850 0.008870 0.000000 -1.205022 0.000591 0.170042 0.985437
0.437480 0.263209 0.009661 -0.007295 -1.168345 0.001495 0.169530 0.985524
0.434594 0.249389 -0.098276 0.843825 -1.037174 -0.001164 -0.169992 -0.985445
0.429142 0.249379 -0.098266 0.843825 -1.037174 -0.001496 -0.169993 -0.985444
0.437316 0.254050 -0.099081 0.851121 -1.073851 -0.000999 -0.169709 -0.985494
0.437335 0.244737 -0.097475 0.836530 -1.000498 -0.000997 -0.170275 -0.985396
0.437465 0.272473 0.009900 -0.007295 -1.241698 -0.501047 0.843970 0.191485
0.429500 0.243916 0.114921 -0.843825 -1.037174 -0.508003 0.786642 0.350895
0.437679 0.248538 0.115951 -0.851121 -1.073851 -0.501038 0.843975 0.191487
0.437480 0.263254 0.007820 0.007295 -1.168345 0.999997 0.001718 -0.001606
0.437465 0.272473 0.009900 -0.007295 -1.241698 0.999997 0.001982 -0.001571
0.437679 0.248538 0.115951 -0.851121 -1.073851 0.999997 0.001718 -0.001606
0.437689 0.239319 0.113871 -0.836530 -1.000498 0.999998 0.001455 -0.001642
0.437480 0.263254 0.007820 0.007295 -1.168345 -0.498735 -0.845700 -0.189882
0.437689 0.239319 0.113871 -0.836530 -1.000498 -0.498849 -0.845638 -0.189856
0.429500 0.243916 0.114921 -0.843825 -1.037174 -0.505949 -0.763800 -0.400780
0.434958 0.243926 0.114916 -0.843825 -1.037174 0.001565 -0.220048 0.975488
0.437679 0.248538 0.115951 -0.851121 -1.073851 0.001698 -0.219821 0.975539
0.429500 0.243916 0.114921 -0.843825 -1.037174 0.001297 -0.220048 0.975488
0.437689 0.239319 0.113871 -0.836530 -1.000498 0.001699 -0.220274 0.975437
0.434744 0.267861 0.008865 0.000000 -1.205022 -0.001534 0.220097 -0.975477
0.429286 0.267850 0.008870 0.000000 -1.205022 -0.001297 0.220098 -0.975477
0.437465 0.272473 0.009900 -0.007295 -1.241698 -0.001653 0.219897 -0.975522
0.437480 0.263254 0.007820 0.007295 -1.168345 -0.001653 0.220298 -0.975431
0.437684 0.247792 0.117632 -0.864601 -1.068267 -0.500356 0.706702 0.500217
0.429749 0.181222 0.203743 -1.559186 -0.559186 -0.500356 0.706702 0.500217
0.437928 0.185092 0.206455 -1.579961 -0.590278 -0.500284 0.706731 0.500247
0.437689 0.240070 0.112185 -0.823050 -1.006082 0.999997 0.001723 -0.001525
0.437684 0.247792 0.117632 -0.864601 -1.068267 0.999997 0.001723 -0.001525
0.437928 0.185092 0.206455 -1.579961 -0.590278 0.999997 0.001723 -0.001525
0.437933 0.177371 0.201002 -1.538410 -0.528093 0.999997 0.001724 -0.001524
0.437689 0.240070 0.112185 -0.823050 -1.006082 -0.499349 -0.708450 -0.498748
0.437933 0.177371 0.201002 -1.538410 -0.528093 -0.499751 -0.708284 -0.498580
0.429749 0.181222 0.203743 -1.559186 -0.559186 -0.500154 -0.708118 -0.498412
0.435202 0.181227 0.203734 -1.559186 -0.559186 0.002228 -0.576849 0.816848
0.437928 0.185092 0.206455 -1.579961 -0.590278 0.002328 -0.576707 0.816948
0.429749 0.181222 0.203743 -1.559186 -0.559186 0.002027 -0.576849 0.816848
0.437933 0.177371 0.201002 -1.538410 -0.528093 0.002328 -0.576991 0.816747
0.434958 0.243926 0.114916 -0.843825 -1.037174 -0.002329 0.576495 -0.817097
0.429500 0.243916 0.114921 -0.843825 -1.037174 -0.001805 0.576496 -0.817098
0.437684 0.247792 0.117632 -0.864601 -1.068267 -0.002590 0.576124 -0.817358
0.437689 0.240070 0.112185 -0.823050 -1.006082 -0.002591 0.576866 -0.816835
0.432470 0.178700 0.199743 -1.528093 -0.538410 0.499373 -0.461772 -0.733071
0.440659 0.181237 0.203724 -1.559186 -0.559186 0.499373 -0.461772 -0.733071
0.440902 0.089325 0.261786 -2.037174 0.156175 0.506255 -0.308514 -0.805310
0.432714 0.086788 0.257806 -2.006082 0.176950 0.499396 -0.461763 -0.733061
0.432480 0.183750 0.207733 -1.590279 -0.579961 -0.999997 -0.001454 0.001858
0.432470 0.178700 0.199743 -1.528093 -0.538410 -0.999997 -0.001332 0.002094
0.432714 0.086788 0.257806 -2.006082 0.176950 -0.999997 -0.001454 0.001858
0.432719 0.091838 0.265796 -2.068267 0.135399 -0.999997 -0.001576 0.001622
0.440659 0.181237 0.203724 -1.559186 -0.559186 0.500682 0.463253 0.731242
0.432480 0.183750 0.207733 -1.590279 -0.579961 0.500785 0.463213 0.731197
0.432719 0.091838 0.265796 -2.068267 0.135399 0.500682 0.463253 0.731242
0.440902 0.089325 0.261786 -2.037174 0.156175 0.508233 0.310063 0.803468
0.435445 0.089315 0.261796 -2.037174 0.156175 0.002270 -0.845311 0.534269
0.432714 0.086788 0.257806 -2.006082 0.176950 0.002141 -0.845431 0.534080
0.440902 0.089325 0.261786 -2.037174 0.156175 0.002528 -0.845311 0.534269
0.432719 0.091838 0.265796 -2.068267 0.135399 0.002141 -0.845192 0.534458
0.435202 0.181227 0.203734 -1.559186 -0.559186 -0.002270 0.845312 -0.534268
0.440659 0.181237 0.203724 -1.559186 -0.559186 -0.002528 0.845312 -0.534268
0.432470 0.178700 0.199743 -1.528093 -0.538410 -0.002141 0.845431 -0.534080
0.432480 0.183750 0.207733 -1.590279 -0.579961 -0.002141 0.845193 -0.534457
0.432709 0.088509 0.257145 -2.000498 0.163470 0.498695 -0.146363 -0.854331
0.441101 -0.017811 0.280258 -2.205022 1.000000 0.505032 -0.034198 -0.862423
0.432913 -0.018627 0.275616 -2.168345 1.007296 0.498809 -0.146341 -0.854268
0.432724 0.090116 0.266458 -2.073851 0.148880 -0.999997 -0.001602 0.001618
0.432709 0.088509 0.257145 -2.000498 0.163470 -0.999997 -0.001579 0.001883
0.432913 -0.018627 0.275616 -2.168345 1.007296 -0.999997 -0.001602 0.001618
0.432923 -0.017025 0.284930 -2.241698 0.992705 -0.999998 -0.001624 0.001353
0.432724 0.090116 0.266458 -2.073851 0.148880 0.501277 0.147918 0.852550
0.432923 -0.017025 0.284930 -2.241698 0.992705 0.501277 0.147918 0.852550
0.441101 -0.017811 0.280258 -2.205022 1.000000 0.508762 -0.021268 0.860644
0.435644 -0.017821 0.280268 -2.205022 1.000000 0.002116 -0.985523 0.169526
0.432913 -0.018627 0.275616 -2.168345 1.007296 0.002116 -0.985523 0.169526
0.441101 -0.017811 0.280258 -2.205022 1.000000 0.002116 -0.985523 0.169526
0.432923 -0.017025 0.284930 -2.241698 0.992705 0.002119 -0.985524 0.169525
0.435445 0.089315 0.261796 -2.037174 0.156175 -0.001816 0.985436 -0.170038
0.440902 0.089325 0.261786 -2.037174 0.156175 -0.002117 0.985435 -0.170038
0.432709 0.088509 0.257145 -2.000498 0.163470 -0.001665 0.985480 -0.169782
0.432724 0.090116 0.266458 -2.073851 0.148880 -0.001666 0.985392 -0.170296
0.432908 -0.016785 0.275661 -2.168345 0.992705 0.498360 0.191444 -0.845569
0.441231 -0.123862 0.256323 -2.037174 1.843825 0.505445 0.350882 -0.788293
0.433038 -0.122837 0.251727 -2.000498 1.836530 0.498321 0.191445 -0.845592
0.432928 -0.018865 0.284880 -2.241698 1.007296 -0.999997 -0.001628 0.001802
0.432908 -0.016785 0.275661 -2.168345 0.992705 -0.999997 -0.001628 0.001802
0.433038 -0.122837 0.251727 -2.000498 1.836530 -0.999997 -0.001628 0.001802
0.433057 -0.124916 0.260946 -2.073851 1.851121 -0.999997 -0.001612 0.001752
0.432928 -0.018865 0.284880 -2.241698 1.007296 0.501688 -0.189857 0.843957
0.433057 -0.124916 0.260946 -2.073851 1.851121 0.501688 -0.189857 0.843957
0.441231 -0.123862 0.256323 -2.037174 1.843825 0.509265 -0.349216 0.786573
0.435773 -0.123871 0.256333 -2.037174 1.843825 0.001415 -0.975487 -0.220052
0.433038 -0.122837 0.251727 -2.000498 1.836530 0.001476 -0.975510 -0.219951
0.441231 -0.123862 0.256323 -2.037174 1.843825 0.001295 -0.975487 -0.220052
0.433057 -0.124916 0.260946 -2.073851 1.851121 0.001475 -0.975464 -0.220154
0.435644 -0.017821 0.280268 -2.205022 1.000000 -0.001429 0.975487 0.220053
0.441101 -0.017811 0.280258 -2.205022 1.000000 -0.001384 0.975487 0.220052
0.432908 -0.016785 0.275661 -2.168345 0.992705 -0.001451 0.975495 0.220015
0.432928 -0.018865 0.284880 -2.241698 1.007296 -0.001451 0.975478 0.220090
0.433038 -0.121150 0.252478 -2.006081 1.823050 0.497873 0.500264 -0.708419
0.441271 -0.212679 0.193630 -1.559186 2.559186 0.504308 0.585333 -0.634869
0.433072 -0.209968 0.189784 -1.528093 2.538410 0.497748 0.500295 -0.708486
0.433057 -0.126603 0.260199 -2.068267 1.864601 -0.999997 -0.001637 0.001725
0.433038 -0.121150 0.252478 -2.006081 1.823050 -0.999998 -0.001449 0.001502
0.433072 -0.209968 0.189784 -1.528093 2.538410 -0.999997 -0.001637 0.001725
0.433097 -0.215420 0.197505 -1.590278 2.579961 -0.999996 -0.001826 0.001949
0.433057 -0.126603 0.260199 -2.068267 1.864601 0.502187 -0.498537 0.706589
0.433097 -0.215420 0.197505 -1.590278 2.579961 0.502187 -0.498537 0.706589
0.441271 -0.212679 0.193630 -1.559186 2.559186 0.509425 -0.623890 0.592661
0.435814 -0.212689 0.193639 -1.559186 2.559186 0.000440 -0.816823 -0.576888
0.433072 -0.209968 0.189784 -1.528093 2.538410 0.000440 -0.816823 -0.576888
0.441271 -0.212679 0.193630 -1.559186 2.559186 0.000440 -0.816823 -0.576888
0.433097 -0.215420 0.197505 -1.590278 2.579961 0.000365 -0.816848 -0.576852
0.435773 -0.123871 0.256333 -2.037174 1.843825 -0.000415 0.816849 0.576852
0.441231 -0.123862 0.256323 -2.037174 1.843825 -0.000365 0.816849 0.576852
0.433038 -0.121150 0.252478 -2.006081 1.823050 -0.000440 0.816873 0.576817
0.433057 -0.126603 0.260199 -2.068267 1.864601 -0.000440 0.816824 0.576887
0.433072 -0.208699 0.191117 -1.538410 2.528093 0.498037 0.732969 -0.463374
0.441211 -0.270747 0.101718 -0.843825 3.037174 0.504679 0.783344 -0.362864
0.433013 -0.266761 0.099205 -0.823049 3.006082 0.498216 0.732892 -0.463304
0.433097 -0.216689 0.196166 -1.579961 2.590279 -0.999996 -0.001944 0.001875
0.433072 -0.208699 0.191117 -1.538410 2.528093 -0.999996 -0.001944 0.001875
0.433013 -0.266761 0.099205 -0.823049 3.006082 -0.999996 -0.001944 0.001875
0.433038 -0.274756 0.104255 -0.864601 3.068267 -0.999996 -0.001943 0.001875
0.433097 -0.216689 0.196166 -1.579961 2.590279 0.502019 -0.731309 0.461696
0.433038 -0.274756 0.104255 -0.864601 3.068267 0.502019 -0.731309 0.461696
0.441211 -0.270747 0.101718 -0.843825 3.037174 0.508183 -0.822731 0.254684
0.435754 -0.270757 0.101728 -0.843825 3.037174 -0.000466 -0.534020 -0.845472
0.433013 -0.266761 0.099205 -0.823049 3.006082 -0.000414 -0.534096 -0.845424
0.441211 -0.270747 0.101718 -0.843825 3.037174 -0.000571 -0.534020 -0.845472
0.433038 -0.274756 0.104255 -0.864601 3.068267 -0.000414 -0.533943 -0.845520
0.435814 -0.212689 0.193639 -1.559186 2.559186 0.000302 0.534258 0.845321
0.441271 -0.212679 0.193630 -1.559186 2.559186 0.000570 0.534259 0.845321
0.433072 -0.208699 0.191117 -1.538410 2.528093 0.000168 0.534454 0.845198
0.433097 -0.216689 0.196166 -1.579961 2.590279 0.000169 0.534062 0.845445
0.433018 -0.266100 0.100927 -0.836530 3.000498 0.498635 0.854093 -0.147947
0.441062 -0.289218 -0.005423 0.000000 3.205022 0.506133 0.862194 0.021240
0.432868 -0.284572 -0.006209 0.007296 3.168345 0.498545 0.854143 -0.147965
0.433032 -0.275418 0.102533 -0.851120 3.073851 -0.999997 -0.001595 0.001647
0.433018 -0.266100 0.100927 -0.836530 3.000498 -0.999998 -0.001330 0.001625
0.432868 -0.284572 -0.006209 0.007296 3.168345 -0.999997 -0.001595 0.001647
0.432888 -0.293885 -0.004607 -0.007295 3.241698 -0.999997 -0.001860 0.001669
0.433032 -0.275418 0.102533 -0.851120 3.073851 0.501607 -0.852637 0.146287
0.432888 -0.293885 -0.004607 -0.007295 3.241698 0.501518 -0.852686 0.146304
0.441062 -0.289218 -0.005423 0.000000 3.205022 0.508486 -0.860765 -0.022920
0.435605 -0.289229 -0.005413 0.000000 3.205022 -0.001599 -0.169531 -0.985524
0.432868 -0.284572 -0.006209 0.007296 3.168345 -0.001651 -0.169442 -0.985539
0.441062 -0.289218 -0.005423 0.000000 3.205022 -0.001495 -0.169531 -0.985524
0.432888 -0.293885 -0.004607 -0.007295 3.241698 -0.001651 -0.169620 -0.985508
0.435754 -0.270757 0.101728 -0.843825 3.037174 0.001215 0.169903 0.985460
0.441211 -0.270747 0.101718 -0.843825 3.037174 0.001494 0.169903 0.985460
0.433018 -0.266100 0.100927 -0.836530 3.000498 0.001075 0.170141 0.985419
0.433032 -0.275418 0.102533 -0.851120 3.073851 0.001076 0.169665 0.985501
0.432873 -0.284622 -0.004369 -0.007295 3.168345 0.499081 0.845511 0.189816
0.440848 -0.265284 -0.111474 0.843826 3.037174 0.506716 0.788219 0.349214
0.432659 -0.260687 -0.110419 0.836530 3.000498 0.499081 0.845511 0.189816
0.432883 -0.293840 -0.006448 0.007296 3.241698 -0.999998 -0.001465 0.001687
0.432873 -0.284622 -0.004369 -0.007295 3.168345 -0.999998 -0.001465 0.001687
0.432659 -0.260687 -0.110419 0.836530 3.000498 -0.999998 -0.001465 0.001687
0.432669 -0.269906 -0.112499 0.851121 3.073851 -0.999998 -0.001465 0.001687
0.432883 -0.293840 -0.006448 0.007296 3.241698 0.500920 -0.844041 -0.191502
0.432669 -0.269906 -0.112499 0.851121 3.073851 0.500920 -0.844041 -0.191502
0.440848 -0.265284 -0.111474 0.843826 3.037174 0.507788 -0.786755 -0.350953
0.435391 -0.265294 -0.111464 0.843826 3.037174 -0.002101 0.220024 -0.975492
0.432659 -0.260687 -0.110419 0.836530 3.000498 -0.002101 0.220024 -0.975492
0.440848 -0.265284 -0.111474 0.843826 3.037174 -0.002101 0.220024 -0.975492
0.432669 -0.269906 -0.112499 0.851121 3.073851 -0.002060 0.220047 -0.975487
0.435605 -0.289229 -0.005413 0.000000 3.205022 0.002087 -0.220047 0.975487
0.441062 -0.289218 -0.005423 0.000000 3.205022 0.002191 -0.220047 0.975487
0.432873 -0.284622 -0.004369 -0.007295 3.168345 0.002036 -0.219960 0.975507
0.432883 -0.293840 -0.006448 0.007296 3.241698 0.002036 -0.220134 0.975467
0.432664 -0.261439 -0.108733 0.823050 3.006082 0.499870 0.708221 0.498550
0.440604 -0.202590 -0.200292 1.559186 2.559186 0.499870 0.708221 0.498550
0.432416 -0.198739 -0.197550 1.538410 2.528093 0.499957 0.708176 0.498528
0.432664 -0.269155 -0.114185 0.864601 3.068267 -0.999997 -0.001522 0.001696
0.432664 -0.261439 -0.108733 0.823050 3.006082 -0.999997 -0.001319 0.001867
0.432416 -0.198739 -0.197550 1.538410 2.528093 -0.999997 -0.001522 0.001696
0.432420 -0.206460 -0.203003 1.579961 2.590278 -0.999997 -0.001724 0.001525
0.432664 -0.269155 -0.114185 0.864601 3.068267 0.500055 -0.706847 -0.500313
0.432420 -0.206460 -0.203003 1.579961 2.590278 0.500055 -0.706847 -0.500313
0.440604 -0.202590 -0.200292 1.559186 2.559186 0.500078 -0.706834 -0.500307
0.435146 -0.202595 -0.200282 1.559186 2.559186 -0.002184 0.576860 -0.816840
0.432416 -0.198739 -0.197550 1.538410 2.528093 -0.002263 0.576972 -0.816761
0.440604 -0.202590 -0.200292 1.559186 2.559186 -0.002025 0.576860 -0.816841
0.432420 -0.206460 -0.203003 1.579961 2.590278 -0.002263 0.576747 -0.816920
0.435391 -0.265294 -0.111464 0.843826 3.037174 0.002353 -0.577099 0.816671
0.440848 -0.265284 -0.111474 0.843826 3.037174 0.002479 -0.577099 0.816670
0.432664 -0.261439 -0.108733 0.823050 3.006082 0.002290 -0.577010 0.816734
0.432664 -0.269155 -0.114185 0.864601 3.068267 0.002290 -0.577188 0.816608
0.437873 -0.205117 -0.204282 1.590279 2.579961 -0.500682 -0.463253 -0.731242
0.429689 -0.202604 -0.200271 1.559186 2.559186 -0.500556 -0.463281 -0.731310
0.429451 -0.110693 -0.258334 2.037174 1.843825 -0.507432 -0.362773 -0.781606
0.437629 -0.113205 -0.262344 2.068267 1.864600 -0.500808 -0.463225 -0.731173
0.437878 -0.200068 -0.196292 1.528093 2.538410 0.999997 0.001615 -0.001646
0.437873 -0.205117 -0.204282 1.590279 2.579961 0.999997 0.001615 -0.001646
0.437629 -0.113205 -0.262344 2.068267 1.864600 0.999997 0.001615 -0.001646
0.437634 -0.108156 -0.254354 2.006082 1.823050 0.999997 0.001615 -0.001646
0.429689 -0.202604 -0.200271 1.559186 2.559186 -0.499478 0.461748 0.733015
0.437878 -0.200068 -0.196292 1.528093 2.538410 -0.499352 0.461776 0.733083
0.437634 -0.108156 -0.254354 2.006082 1.823050 -0.499478 0.461748 0.733015
0.429451 -0.110693 -0.258334 2.037174 1.843825 -0.505450 0.254735 0.824397
0.434903 -0.110683 -0.258344 2.037174 1.843825 -0.002245 0.845335 -0.534231
0.437629 -0.113205 -0.262344 2.068267 1.864600 -0.002103 0.845204 -0.534440
0.429451 -0.110693 -0.258334 2.037174 1.843825 -0.002530 0.845335 -0.534231
0.437634 -0.108156 -0.254354 2.006082 1.823050 -0.002103 0.845467 -0.534023
0.435146 -0.202595 -0.200282 1.559186 2.559186 0.002244 -0.845335 0.534231
0.429689 -0.202604 -0.200271 1.559186 2.559186 0.002450 -0.845335 0.534231
0.437873 -0.205117 -0.204282 1.590279 2.579961 0.002141 -0.845240 0.534383
0.437878 -0.200068 -0.196292 1.528093 2.538410 0.002140 -0.845431 0.534080
0.437624 -0.111484 -0.263006 2.073851 1.851120 -0.501358 -0.147926 -0.852501
0.437425 -0.004344 -0.281477 2.241698 1.007295 -0.501209 -0.147926 -0.852589
0.437639 -0.109877 -0.253692 2.000498 1.836529 0.999997 0.001534 -0.001875
0.437624 -0.111484 -0.263006 2.073851 1.851120 0.999997 0.001534 -0.001875
0.437425 -0.004344 -0.281477 2.241698 1.007295 0.999997 0.001534 -0.001875
0.437440 -0.002742 -0.272164 2.168345 0.992705 0.999997 0.001534 -0.001875
0.437639 -0.109877 -0.253692 2.000498 1.836529 -0.498803 0.146364 0.854268
0.437440 -0.002742 -0.272164 2.168345 0.992705 -0.498691 0.146364 0.854333
0.434704 -0.003547 -0.276816 2.205022 1.000000 -0.002116 0.985524 -0.169524
0.437425 -0.004344 -0.281477 2.241698 1.007295 -0.002116 0.985524 -0.169524
0.429246 -0.003557 -0.276806 2.205022 1.000000 -0.002116 0.985524 -0.169524
0.437440 -0.002742 -0.272164 2.168345 0.992705 -0.002117 0.985524 -0.169524
0.434903 -0.110683 -0.258344 2.037174 1.843825 0.001787 -0.985445 0.169987
0.429451 -0.110693 -0.258334 2.037174 1.843825 0.002119 -0.985444 0.169986
0.437624 -0.111484 -0.263006 2.073851 1.851120 0.001622 -0.985396 0.170270
0.437639 -0.109877 -0.253692 2.000498 1.836529 0.001621 -0.985494 0.169704
-0.450099 -0.003910 -0.279965 2.241698 0.992705 -0.501688 0.189860 -0.843956
-0.458273 -0.004965 -0.275344 2.205022 1.000000 -0.508796 0.021273 -0.860624
-0.458402 0.101085 -0.251409 2.037174 0.156175 -0.509167 0.349263 -0.786616
-0.450229 0.102141 -0.256031 2.073851 0.148879 -0.501736 0.189849 -0.843930
-0.450080 -0.005990 -0.270747 2.168345 1.007295 0.999997 0.001628 -0.001802
-0.450099 -0.003910 -0.279965 2.241698 0.992705 0.999997 0.001628 -0.001802
-0.450229 0.102141 -0.256031 2.073851 0.148879 0.999997 0.001628 -0.001802
-0.450209 0.100056 -0.246812 2.000498 0.163470 0.999997 0.001628 -0.001801
-0.458273 -0.004965 -0.275344 2.205022 1.000000 -0.505854 -0.022873 0.862316
-0.450080 -0.005990 -0.270747 2.168345 1.007295 -0.498360 -0.191452 0.845567
-0.450209 0.100056 -0.246812 2.000498 0.163470 -0.498360 -0.191452 0.845567
-0.458402 0.101085 -0.251409 2.037174 0.156175 -0.504507 -0.402477 0.763861
-0.452945 0.101096 -0.251419 2.037174 0.156175 -0.001183 0.975376 0.220544
-0.450229 0.102141 -0.256031 2.073851 0.148879 -0.001083 0.975415 0.220375
-0.458402 0.101085 -0.251409 2.037174 0.156175 -0.001383 0.975376 0.220544
-0.450209 0.100056 -0.246812 2.000498 0.163470 -0.001082 0.975338 0.220713
-0.452821 -0.004955 -0.275353 2.205022 1.000000 0.001429 -0.975487 -0.220053
-0.458273 -0.004965 -0.275344 2.205022 1.000000 0.001296 -0.975487 -0.220052
-0.450099 -0.003910 -0.279965 2.241698 0.992705 0.001495 -0.975462 -0.220165
-0.450080 -0.005990 -0.270747 2.168345 1.007295 0.001495 -0.975512 -0.219940
-0.450229 0.103822 -0.255285 2.068267 0.135399 -0.502107 0.498582 -0.706614
-0.458442 0.189903 -0.188710 1.559186 -0.559186 -0.508581 0.583601 -0.633052
-0.450269 0.192645 -0.192585 1.590279 -0.579961 -0.502210 0.498539 -0.706572
-0.450209 0.098374 -0.247563 2.006081 0.176951 0.999997 0.001651 -0.001749
-0.450229 0.103822 -0.255285 2.068267 0.135399 0.999998 0.001517 -0.001520
-0.450269 0.192645 -0.192585 1.590279 -0.579961 0.999997 0.001651 -0.001749
-0.450244 0.187192 -0.184864 1.528093 -0.538410 0.999996 0.001784 -0.001978
-0.450209 0.098374 -0.247563 2.006081 0.176951 -0.497999 -0.500240 0.708348
-0.450244 0.187192 -0.184864 1.528093 -0.538410 -0.497878 -0.500289 0.708398
-0.458442 0.189903 -0.188710 1.559186 -0.559186 -0.504306 -0.663936 0.552146
-0.452985 0.189913 -0.188720 1.559186 -0.559186 -0.000493 0.816876 0.576813
-0.450269 0.192645 -0.192585 1.590279 -0.579961 -0.000493 0.816876 0.576813
-0.458442 0.189903 -0.188710 1.559186 -0.559186 -0.000493 0.816876 0.576813
-0.450244 0.187192 -0.184864 1.528093 -0.538410 -0.000462 0.816866 0.576827
-0.452945 0.101096 -0.251419 2.037174 0.156175 0.000191 -0.817073 -0.576534
-0.458402 0.101085 -0.251409 2.037174 0.156175 0.000441 -0.817073 -0.576534
-0.450229 0.103822 -0.255285 2.068267 0.135399 0.000067 -0.817198 -0.576357
-0.450209 0.098374 -0.247563 2.006081 0.176951 0.000066 -0.816949 -0.576710
-0.452990 0.187306 -0.193516 1.596581 -0.537596 -0.002238 0.521920 -0.852992
-0.452995 0.195366 -0.188581 1.559186 -0.602366 -0.002242 0.522222 -0.852807
0.434530 0.196779 -0.190048 1.559186 -0.602366 -0.002238 0.521920 -0.852992
0.434534 0.188714 -0.194979 1.596581 -0.537596 -0.002234 0.521617 -0.853177
-0.452975 0.187062 -0.184068 1.521791 -0.537596 0.001546 -0.999673 -0.025530
-0.452990 0.187306 -0.193516 1.596581 -0.537596 0.001543 -0.999665 -0.025821
0.434534 0.188714 -0.194979 1.596581 -0.537596 0.001546 -0.999673 -0.025530
0.434549 0.188475 -0.185531 1.521791 -0.537596 0.001550 -0.999680 -0.025239
-0.452995 0.195366 -0.188581 1.559186 -0.602366 0.000690 0.477698 0.878524
-0.452975 0.187062 -0.184068 1.521791 -0.537596 0.000688 0.477514 0.878624
0.434549 0.188475 -0.185531 1.521791 -0.537596 0.000690 0.477698 0.878524
0.434530 0.196779 -0.190048 1.559186 -0.602366 0.000692 0.477882 0.878424
0.434534 0.191321 -0.190188 1.559186 -0.559186 0.999998 0.001567 -0.001548
0.434534 0.188714 -0.194979 1.596581 -0.537596 0.999998 0.001859 -0.001011
0.434530 0.196779 -0.190048 1.559186 -0.602366 0.999998 0.000956 -0.001563
0.434549 0.188475 -0.185531 1.521791 -0.537596 0.999996 0.001886 -0.002069
-0.452985 0.189913 -0.188720 1.559186 -0.559186 -0.999998 -0.001568 0.001547
-0.452995 0.195366 -0.188581 1.559186 -0.602366 -0.999997 -0.001873 0.001539
-0.452990 0.187306 -0.193516 1.596581 -0.537596 -0.999997 -0.001422 0.001815
-0.452975 0.187062 -0.184068 1.521791 -0.537596 -0.999998 -0.001409 0.001287
-0.450269 0.193913 -0.191247 1.579961 -0.590278 -0.501880 0.731386 -0.461726
-0.458383 0.247971 -0.096798 0.843825 -1.037174 -0.508150 0.781863 -0.361213
-0.450209 0.251976 -0.099335 0.864601 -1.068267 -0.501708 0.731480 -0.461765
-0.450249 0.185923 -0.186202 1.538410 -0.528093 0.999997 0.001709 -0.001754
-0.450269 0.193913 -0.191247 1.579961 -0.590278 0.999998 0.001497 -0.001593
-0.450209 0.251976 -0.099335 0.864601 -1.068267 0.999997 0.001709 -0.001754
-0.450184 0.243986 -0.094290 0.823050 -1.006082 0.999996 0.001920 -0.001915
-0.450249 0.185923 -0.186202 1.538410 -0.528093 -0.497839 -0.733063 0.463439
-0.450184 0.243986 -0.094290 0.823050 -1.006082 -0.497921 -0.733018 0.463420
-0.458383 0.247971 -0.096798 0.843825 -1.037174 -0.505577 -0.805114 0.310136
-0.452925 0.247976 -0.096808 0.843825 -1.037174 0.000888 0.533881 0.845559
-0.450209 0.251976 -0.099335 0.864601 -1.068267 0.000840 0.533812 0.845603
-0.458383 0.247971 -0.096798 0.843825 -1.037174 0.000983 0.533882 0.845559
-0.450184 0.243986 -0.094290 0.823050 -1.006082 0.000840 0.533951 0.845515
-0.452985 0.189913 -0.188720 1.559186 -0.559186 -0.000529 -0.533880 -0.845560
-0.458442 0.189903 -0.188710 1.559186 -0.559186 -0.000494 -0.533880 -0.845560
-0.450269 0.193913 -0.191247 1.579961 -0.590278 -0.000547 -0.533906 -0.845543
-0.450249 0.185923 -0.186202 1.538410 -0.528093 -0.000547 -0.533854 -0.845576
-0.450204 0.252638 -0.097614 0.851121 -1.073851 -0.501343 0.852783 -0.146346
-0.458234 0.266443 0.010337 0.000000 -1.205022 -0.507699 0.860857 -0.034169
-0.450060 0.271110 0.009522 0.007295 -1.241698 -0.501469 0.852708 -0.146346
-0.450189 0.243324 -0.096012 0.836530 -1.000498 0.999997 0.001595 -0.001647
-0.450204 0.252638 -0.097614 0.851121 -1.073851 0.999998 0.001339 -0.001580
-0.450060 0.271110 0.009522 0.007295 -1.241698 0.999997 0.001595 -0.001647
-0.450039 0.261796 0.011129 -0.007295 -1.168345 0.999997 0.001852 -0.001715
-0.450189 0.243324 -0.096012 0.836530 -1.000498 -0.498613 -0.854105 0.147952
-0.450039 0.261796 0.011129 -0.007295 -1.168345 -0.498613 -0.854105 0.147952
-0.458234 0.266443 0.010337 0.000000 -1.205022 -0.506102 -0.862212 -0.021240
-0.452776 0.266448 0.010328 0.000000 -1.205022 0.001292 0.170035 0.985437
-0.450060 0.271110 0.009522 0.007295 -1.241698 0.001113 0.169730 0.985490
-0.458234 0.266443 0.010337 0.000000 -1.205022 0.001650 0.170036 0.985436
-0.450039 0.261796 0.011129 -0.007295 -1.168345 0.001113 0.170340 0.985385
-0.452925 0.247976 -0.096808 0.843825 -1.037174 -0.001560 -0.169493 -0.985530
-0.458383 0.247971 -0.096798 0.843825 -1.037174 -0.001560 -0.169493 -0.985530
-0.450204 0.252638 -0.097614 0.851121 -1.073851 -0.001560 -0.169493 -0.985530
-0.450189 0.243324 -0.096012 0.836530 -1.000498 -0.001511 -0.169521 -0.985525
-0.450055 0.271064 0.011362 -0.007295 -1.241698 -0.500959 0.844021 0.191493
-0.458020 0.242508 0.116389 -0.843825 -1.037174 -0.507924 0.786679 0.350927
-0.449840 0.247130 0.117413 -0.851121 -1.073851 -0.500911 0.844046 0.191503
-0.450045 0.261846 0.009283 0.007295 -1.168345 0.999998 0.001465 -0.001687
-0.450055 0.271064 0.011362 -0.007295 -1.241698 0.999998 0.001465 -0.001687
-0.449840 0.247130 0.117413 -0.851121 -1.073851 0.999998 0.001465 -0.001687
-0.449831 0.237912 0.115334 -0.836530 -1.000498 0.999998 0.001465 -0.001687
-0.450045 0.261846 0.009283 0.007295 -1.168345 -0.499042 -0.845532 -0.189821
-0.449831 0.237912 0.115334 -0.836530 -1.000498 -0.499042 -0.845532 -0.189821
-0.458020 0.242508 0.116389 -0.843825 -1.037174 -0.505918 -0.763808 -0.400805
-0.452567 0.242513 0.116379 -0.843825 -1.037174 0.002147 -0.220047 0.975487
-0.449840 0.247130 0.117413 -0.851121 -1.073851 0.002225 -0.219915 0.975516
-0.458020 0.242508 0.116389 -0.843825 -1.037174 0.001991 -0.220048 0.975487
-0.449831 0.237912 0.115334 -0.836530 -1.000498 0.002225 -0.220179 0.975457
-0.452776 0.266448 0.010328 0.000000 -1.205022 -0.002101 0.220047 -0.975487
-0.458234 0.266443 0.010337 0.000000 -1.205022 -0.001989 0.220047 -0.975487
-0.450055 0.271064 0.011362 -0.007295 -1.241698 -0.002157 0.219953 -0.975508
-0.450045 0.261846 0.009283 0.007295 -1.168345 -0.002157 0.220142 -0.975466
-0.449840 0.246379 0.119100 -0.864601 -1.068267 -0.500343 0.706690 0.500246
-0.457776 0.179809 0.205206 -1.559186 -0.559186 -0.500343 0.706690 0.500246
-0.449592 0.183685 0.207918 -1.579961 -0.590278 -0.500401 0.706666 0.500222
-0.449836 0.238657 0.113652 -0.823050 -1.006082 0.999997 0.001750 -0.001563
-0.449840 0.246379 0.119100 -0.864601 -1.068267 0.999997 0.001750 -0.001563
-0.449592 0.183685 0.207918 -1.579961 -0.590278 0.999997 0.001750 -0.001563
-0.449587 0.175963 0.202470 -1.538410 -0.528093 0.999997 0.001750 -0.001563
-0.449836 0.238657 0.113652 -0.823050 -1.006082 -0.499935 -0.708208 -0.498504
-0.449587 0.175963 0.202470 -1.538410 -0.528093 -0.499642 -0.708329 -0.498626
-0.457776 0.179809 0.205206 -1.559186 -0.559186 -0.499349 -0.708450 -0.498748
-0.452318 0.179819 0.205196 -1.559186 -0.559186 0.002279 -0.576496 0.817097
-0.449592 0.183685 0.207918 -1.579961 -0.590278 0.002142 -0.576690 0.816960
-0.457776 0.179809 0.205206 -1.559186 -0.559186 0.002554 -0.576495 0.817097
-0.449587 0.175963 0.202470 -1.538410 -0.528093 0.002142 -0.576302 0.817234
-0.452567 0.242513 0.116379 -0.843825 -1.037174 -0.001935 0.576507 -0.817090
-0.458020 0.242508 0.116389 -0.843825 -1.037174 -0.002027 0.576507 -0.817090
-0.449840 0.246379 0.119100 -0.864601 -1.068267 -0.001890 0.576572 -0.817044
-0.449836 0.238657 0.113652 -0.823050 -1.006082 -0.001890 0.576442 -0.817136
-0.452323 0.177212 0.200405 -1.521791 -0.537596 -0.002239 0.522045 -0.852915
-0.452328 0.185272 0.205336 -1.559186 -0.602366 -0.002236 0.521852 -0.853033
0.435196 0.186685 0.203873 -1.559186 -0.602366 -0.002239 0.522045 -0.852915
0.435202 0.178625 0.198937 -1.521791 -0.537596 -0.002242 0.522237 -0.852797
-0.452309 0.176974 0.209853 -1.596581 -0.537596 0.001547 -0.999674 -0.025503
-0.452323 0.177212 0.200405 -1.521791 -0.537596 0.001550 -0.999680 -0.025239
0.435202 0.178625 0.198937 -1.521791 -0.537596 0.001547 -0.999674 -0.025503
0.435217 0.178382 0.208385 -1.596581 -0.537596 0.001543 -0.999667 -0.025768
-0.452328 0.185272 0.205336 -1.559186 -0.602366 0.000691 0.477789 0.878474
-0.452309 0.176974 0.209853 -1.596581 -0.537596 0.000694 0.478104 0.878303
0.435217 0.178382 0.208385 -1.596581 -0.537596 0.000691 0.477789 0.878474
0.435196 0.186685 0.203873 -1.559186 -0.602366 0.000688 0.477474 0.878646
0.435202 0.181227 0.203734 -1.559186 -0.559186 0.999998 0.001569 -0.001548
0.435202 0.178625 0.198937 -1.521791 -0.537596 0.999998 0.001861 -0.001010
0.435196 0.186685 0.203873 -1.559186 -0.602366 0.999998 0.000956 -0.001564
0.435217 0.178382 0.208385 -1.596581 -0.537596 0.999996 0.001888 -0.002069
-0.452318 0.179819 0.205196 -1.559186 -0.559186 -0.999998 -0.001536 0.001496
-0.452328 0.185272 0.205336 -1.559186 -0.602366 -0.999997 -0.001872 0.001488
-0.452323 0.177212 0.200405 -1.521791 -0.537596 -0.999997 -0.001375 0.001792
-0.452309 0.176974 0.209853 -1.596581 -0.537596 -0.999998 -0.001360 0.001209
-0.455050 0.177292 0.201206 -1.528093 -0.538410 0.499478 -0.461776 -0.732997
-0.446860 0.179829 0.205186 -1.559186 -0.559186 0.499352 -0.461826 -0.733051
-0.446622 0.087917 0.263253 -2.037174 0.156175 0.505714 -0.361243 -0.783427
-0.454805 0.085380 0.259273 -2.006082 0.176950 0.499604 -0.461727 -0.732942
-0.455045 0.182337 0.209196 -1.590279 -0.579961 -0.999997 -0.001615 0.001645
-0.455050 0.177292 0.201206 -1.528093 -0.538410 -0.999997 -0.001615 0.001645
-0.454805 0.085380 0.259273 -2.006082 0.176950 -0.999997 -0.001615 0.001645
-0.454801 0.090425 0.267263 -2.068267 0.135399 -0.999997 -0.001615 0.001645
-0.446860 0.179829 0.205186 -1.559186 -0.559186 0.500469 0.463347 0.731328
-0.455045 0.182337 0.209196 -1.590279 -0.579961 0.500343 0.463396 0.731383
-0.454801 0.090425 0.267263 -2.068267 0.135399 0.500469 0.463347 0.731328
-0.446622 0.087917 0.263253 -2.037174 0.156175 0.507368 0.256337 0.822721
-0.452074 0.087907 0.263263 -2.037174 0.156175 0.002530 -0.845598 0.533814
-0.454805 0.085380 0.259273 -2.006082 0.176950 0.002530 -0.845598 0.533814
-0.446622 0.087917 0.263253 -2.037174 0.156175 0.002530 -0.845598 0.533814
-0.454801 0.090425 0.267263 -2.068267 0.135399 0.002450 -0.845574 0.533853
-0.452318 0.179819 0.205196 -1.559186 -0.559186 -0.002528 0.845598 -0.533815
-0.446860 0.179829 0.205186 -1.559186 -0.559186 -0.002528 0.845598 -0.533815
-0.455050 0.177292 0.201206 -1.528093 -0.538410 -0.002528 0.845598 -0.533815
-0.455045 0.182337 0.209196 -1.590279 -0.579961 -0.002450 0.845574 -0.533853
-0.454811 0.087101 0.258612 -2.000498 0.163470 0.498887 -0.146319 -0.854226
-0.446418 -0.019224 0.281726 -2.205022 1.000000 0.505176 -0.034170 -0.862339
-0.454612 -0.020039 0.277079 -2.168345 1.007296 0.498965 -0.146303 -0.854183
-0.454801 0.088703 0.267925 -2.073851 0.148880 -0.999997 -0.001604 0.001592
-0.454811 0.087101 0.258612 -2.000498 0.163470 -0.999998 -0.001624 0.001353
-0.454612 -0.020039 0.277079 -2.168345 1.007296 -0.999997 -0.001604 0.001592
-0.454597 -0.018433 0.286392 -2.241698 0.992705 -0.999997 -0.001584 0.001830
-0.454801 0.088703 0.267925 -2.073851 0.148880 0.501209 0.147914 0.852591
-0.454597 -0.018433 0.286392 -2.241698 0.992705 0.501036 0.147947 0.852687
-0.446418 -0.019224 0.281726 -2.205022 1.000000 0.508438 -0.021264 0.860836
-0.451875 -0.019228 0.281736 -2.205022 1.000000 0.001682 -0.985445 0.169987
-0.454612 -0.020039 0.277079 -2.168345 1.007296 0.001917 -0.985376 0.170386
-0.446418 -0.019224 0.281726 -2.205022 1.000000 0.001214 -0.985446 0.169987
-0.454597 -0.018433 0.286392 -2.241698 0.992705 0.001916 -0.985513 0.169587
-0.452074 0.087907 0.263263 -2.037174 0.156175 -0.002118 0.985524 -0.169523
-0.446622 0.087917 0.263253 -2.037174 0.156175 -0.002118 0.985524 -0.169523
-0.454811 0.087101 0.258612 -2.000498 0.163470 -0.002118 0.985524 -0.169523
-0.454801 0.088703 0.267925 -2.073851 0.148880 -0.002115 0.985524 -0.169525
-0.454612 -0.018194 0.277129 -2.168345 0.992705 0.498409 0.191435 -0.845542
-0.446288 -0.125274 0.257792 -2.037174 1.843825 0.505465 0.350886 -0.788280
-0.454483 -0.124244 0.253194 -2.000498 1.836530 0.498416 0.191435 -0.845538
-0.454597 -0.020273 0.286347 -2.241698 1.007296 -0.999998 -0.001495 0.001236
-0.454612 -0.018194 0.277129 -2.168345 0.992705 -0.999998 -0.001495 0.001236
-0.454483 -0.124244 0.253194 -2.000498 1.836530 -0.999998 -0.001495 0.001236
-0.454468 -0.126324 0.262413 -2.073850 1.851121 -0.999998 -0.001511 0.001286
-0.454597 -0.020273 0.286347 -2.241698 1.007296 0.501388 -0.189897 0.844126
-0.454468 -0.126324 0.262413 -2.073850 1.851121 0.501388 -0.189897 0.844126
-0.446288 -0.125274 0.257792 -2.037174 1.843825 0.508147 -0.400887 0.762284
-0.451746 -0.125279 0.257801 -2.037174 1.843825 0.000892 -0.975488 -0.220051
-0.454483 -0.124244 0.253194 -2.000498 1.836530 0.001083 -0.975560 -0.219729
-0.446288 -0.125274 0.257792 -2.037174 1.843825 0.000511 -0.975488 -0.220051
-0.454468 -0.126324 0.262413 -2.073850 1.851121 0.001082 -0.975415 -0.220374
-0.451875 -0.019228 0.281736 -2.205022 1.000000 -0.000819 0.975488 0.220051
-0.446418 -0.019224 0.281726 -2.205022 1.000000 -0.000491 0.975488 0.220051
-0.454612 -0.018194 0.277129 -2.168345 0.992705 -0.000984 0.975550 0.219774
-0.454597 -0.020273 0.286347 -2.241698 1.007296 -0.000983 0.975425 0.220329
-0.454487 -0.122558 0.253945 -2.006081 1.823050 0.497987 0.500247 -0.708352
-0.446254 -0.214091 0.195092 -1.559186 2.559186 0.505345 0.625570 -0.594380
-0.454448 -0.211381 0.191247 -1.528093 2.538410 0.497953 0.500256 -0.708369
-0.454462 -0.128011 0.261661 -2.068267 1.864601 -0.999997 -0.001655 0.001746
-0.454487 -0.122558 0.253945 -2.006081 1.823050 -0.999996 -0.001826 0.001949
-0.454448 -0.211381 0.191247 -1.528093 2.538410 -0.999997 -0.001655 0.001746
-0.454427 -0.216828 0.198967 -1.590278 2.579961 -0.999998 -0.001484 0.001544
-0.454462 -0.128011 0.261661 -2.068267 1.864601 0.501626 -0.498744 0.706842
-0.454427 -0.216828 0.198967 -1.590278 2.579961 0.501804 -0.498699 0.706747
-0.446254 -0.214091 0.195092 -1.559186 2.559186 0.508404 -0.662264 0.550393
-0.451711 -0.214102 0.195102 -1.559186 2.559186 0.000216 -0.817098 -0.576499
-0.454448 -0.211381 0.191247 -1.528093 2.538410 0.000066 -0.816949 -0.576710
-0.446254 -0.214091 0.195092 -1.559186 2.559186 0.000516 -0.817098 -0.576499
-0.454427 -0.216828 0.198967 -1.590278 2.579961 0.000067 -0.817248 -0.576286
-0.451746 -0.125279 0.257801 -2.037174 1.843825 -0.000177 0.816673 0.577101
-0.446288 -0.125274 0.257792 -2.037174 1.843825 0.000256 0.816673 0.577100
-0.454487 -0.122558 0.253945 -2.006081 1.823050 -0.000394 0.816889 0.576795
-0.454462 -0.128011 0.261661 -2.068267 1.864601 -0.000392 0.816456 0.577408
-0.451711 -0.216703 0.190311 -1.521791 2.580776 -0.002236 0.522037 -0.852920
-0.451717 -0.208644 0.195242 -1.559186 2.516006 -0.002234 0.521852 -0.853033
0.435804 -0.207236 0.193778 -1.559186 2.516006 -0.002236 0.522037 -0.852920
0.435808 -0.215296 0.188844 -1.521791 2.580776 -0.002239 0.522222 -0.852806
-0.451697 -0.216947 0.199759 -1.596581 2.580776 0.001543 -0.999665 -0.025821
-0.451711 -0.216703 0.190311 -1.521791 2.580776 0.001543 -0.999665 -0.025821
0.435808 -0.215296 0.188844 -1.521791 2.580776 0.001543 -0.999665 -0.025821
0.435823 -0.215539 0.198291 -1.596581 2.580776 0.001543 -0.999665 -0.025821
-0.451717 -0.208644 0.195242 -1.559186 2.516006 0.000693 0.477687 0.878530
-0.451697 -0.216947 0.199759 -1.596581 2.580776 0.000694 0.477860 0.878436
0.435823 -0.215539 0.198291 -1.596581 2.580776 0.000693 0.477687 0.878530
0.435804 -0.207236 0.193778 -1.559186 2.516006 0.000691 0.477514 0.878624
0.435814 -0.212689 0.193639 -1.559186 2.559186 0.999998 0.001507 -0.001549
0.435808 -0.215296 0.188844 -1.521791 2.580776 0.999997 0.001332 -0.001871
0.435804 -0.207236 0.193778 -1.559186 2.516006 0.999997 0.001873 -0.001539
0.435823 -0.215539 0.198291 -1.596581 2.580776 0.999998 0.001316 -0.001236
-0.451711 -0.214102 0.195102 -1.559186 2.559186 -0.999998 -0.001568 0.001547
-0.451717 -0.208644 0.195242 -1.559186 2.516006 -0.999998 -0.000956 0.001562
-0.451711 -0.216703 0.190311 -1.521791 2.580776 -0.999998 -0.001860 0.001010
-0.451697 -0.216947 0.199759 -1.596581 2.580776 -0.999996 -0.001887 0.002068
-0.454448 -0.210107 0.192584 -1.538410 2.528093 0.498036 0.732969 -0.463376
-0.446313 -0.272155 0.103180 -0.843825 3.037174 0.504539 0.783429 -0.362876
-0.454507 -0.268174 0.100673 -0.823049 3.006082 0.497896 0.733029 -0.463430
-0.454427 -0.218097 0.197630 -1.579961 2.590279 -0.999998 -0.001497 0.001593
-0.454448 -0.210107 0.192584 -1.538410 2.528093 -0.999998 -0.001497 0.001593
-0.454507 -0.268174 0.100673 -0.823049 3.006082 -0.999998 -0.001497 0.001593
-0.454487 -0.276164 0.105717 -0.864601 3.068267 -0.999998 -0.001450 0.001569
-0.454427 -0.218097 0.197630 -1.579961 2.590279 0.501739 -0.731449 0.461779
-0.454487 -0.276164 0.105717 -0.864601 3.068267 0.501879 -0.731388 0.461724
-0.446313 -0.272155 0.103180 -0.843825 3.037174 0.508293 -0.822664 0.254681
-0.451771 -0.272164 0.103190 -0.843825 3.037174 -0.000571 -0.533894 -0.845551
-0.454507 -0.268174 0.100673 -0.823049 3.006082 -0.000571 -0.533894 -0.845551
-0.446313 -0.272155 0.103180 -0.843825 3.037174 -0.000571 -0.533894 -0.845551
-0.454487 -0.276164 0.105717 -0.864601 3.068267 -0.000543 -0.533880 -0.845560
-0.451711 -0.214102 0.195102 -1.559186 2.559186 0.000881 0.533919 0.845535
-0.446254 -0.214091 0.195092 -1.559186 2.559186 0.000522 0.533919 0.845536
-0.454448 -0.210107 0.192584 -1.538410 2.528093 0.001062 0.533656 0.845701
-0.454427 -0.218097 0.197630 -1.579961 2.590279 0.001060 0.534182 0.845369
-0.454507 -0.267512 0.102394 -0.836530 3.000498 0.498215 0.854333 -0.147974
-0.446458 -0.290627 -0.003955 0.000000 3.205022 0.505822 0.862376 0.021240
-0.454651 -0.285984 -0.004746 0.007296 3.168345 0.498283 0.854296 -0.147960
-0.454487 -0.276826 0.103996 -0.851120 3.073851 -0.999997 -0.001570 0.001640
-0.454507 -0.267512 0.102394 -0.836530 3.000498 -0.999997 -0.001808 0.001660
-0.454651 -0.285984 -0.004746 0.007296 3.168345 -0.999997 -0.001570 0.001640
-0.454637 -0.295297 -0.003139 -0.007295 3.241698 -0.999998 -0.001331 0.001620
-0.454487 -0.276826 0.103996 -0.851120 3.073851 0.501820 -0.852512 0.146286
-0.454637 -0.295297 -0.003139 -0.007295 3.241698 0.501698 -0.852580 0.146310
-0.446458 -0.290627 -0.003955 0.000000 3.205022 0.507549 -0.857909 -0.079911
-0.451915 -0.290636 -0.003946 0.000000 3.205022 -0.001204 -0.170043 -0.985436
-0.454651 -0.285984 -0.004746 0.007296 3.168345 -0.001050 -0.170304 -0.985391
-0.446458 -0.290627 -0.003955 0.000000 3.205022 -0.001510 -0.170044 -0.985435
-0.454637 -0.295297 -0.003139 -0.007295 3.241698 -0.001051 -0.169782 -0.985481
-0.451771 -0.272164 0.103190 -0.843825 3.037174 0.001495 0.169512 0.985527
-0.446313 -0.272155 0.103180 -0.843825 3.037174 0.001495 0.169512 0.985527
-0.454507 -0.267512 0.102394 -0.836530 3.000498 0.001495 0.169512 0.985527
-0.454487 -0.276826 0.103996 -0.851120 3.073851 0.001512 0.169522 0.985525
-0.454651 -0.286029 -0.002900 -0.007295 3.168345 0.498884 0.845621 0.189844
-0.446672 -0.266692 -0.110006 0.843826 3.037174 0.506517 0.788329 0.349253
-0.454865 -0.262095 -0.108952 0.836530 3.000498 0.498852 0.845639 0.189844
-0.454641 -0.295248 -0.004980 0.007296 3.241698 -0.999997 -0.001718 0.001607
-0.454651 -0.286029 -0.002900 -0.007295 3.168345 -0.999998 -0.001465 0.001687
-0.454865 -0.262095 -0.108952 0.836530 3.000498 -0.999997 -0.001718 0.001607
-0.454850 -0.271313 -0.111031 0.851121 3.073850 -0.999997 -0.001971 0.001526
-0.454641 -0.295248 -0.004980 0.007296 3.241698 0.500705 -0.844168 -0.191506
-0.454850 -0.271313 -0.111031 0.851121 3.073850 0.500813 -0.844105 -0.191503
-0.446672 -0.266692 -0.110006 0.843826 3.037174 0.506925 -0.762245 -0.402504
-0.452129 -0.266702 -0.109997 0.843826 3.037174 -0.002101 0.220022 -0.975493
-0.454865 -0.262095 -0.108952 0.836530 3.000498 -0.002101 0.220022 -0.975493
-0.446672 -0.266692 -0.110006 0.843826 3.037174 -0.002101 0.220022 -0.975493
-0.454850 -0.271313 -0.111031 0.851121 3.073850 -0.002058 0.220046 -0.975487
-0.451915 -0.290636 -0.003946 0.000000 3.205022 0.002171 -0.220005 0.975496
-0.446458 -0.290627 -0.003955 0.000000 3.205022 0.002171 -0.220005 0.975496
-0.454651 -0.286029 -0.002900 -0.007295 3.168345 0.002171 -0.220005 0.975496
-0.454641 -0.295248 -0.004980 0.007296 3.241698 0.002096 -0.220047 0.975487
-0.454861 -0.262846 -0.107265 0.823050 3.006082 0.499587 0.708371 0.498622
-0.446921 -0.203998 -0.198824 1.559186 2.559186 0.499587 0.708371 0.498622
-0.455104 -0.200152 -0.196088 1.538410 2.528093 0.499601 0.708364 0.498618
-0.454856 -0.270568 -0.112718 0.864601 3.068267 -0.999997 -0.001521 0.001696
-0.454861 -0.262846 -0.107265 0.823050 3.006082 -0.999997 -0.001724 0.001525
-0.455104 -0.200152 -0.196088 1.538410 2.528093 -0.999997 -0.001521 0.001696
-0.455104 -0.207868 -0.201535 1.579961 2.590278 -0.999997 -0.001318 0.001867
-0.454856 -0.270568 -0.112718 0.864601 3.068267 0.500378 -0.706658 -0.500256
-0.455104 -0.207868 -0.201535 1.579961 2.590278 0.500217 -0.706744 -0.500296
-0.446921 -0.203998 -0.198824 1.559186 2.559186 0.500055 -0.706830 -0.500336
-0.452378 -0.204008 -0.198814 1.559186 2.559186 -0.002153 0.576746 -0.816920
-0.455104 -0.200152 -0.196088 1.538410 2.528093 -0.001953 0.576463 -0.817121
-0.446921 -0.203998 -0.198824 1.559186 2.559186 -0.002554 0.576746 -0.816920
-0.455104 -0.207868 -0.201535 1.579961 2.590278 -0.001954 0.577030 -0.816721
-0.452129 -0.266702 -0.109997 0.843826 3.037174 0.002479 -0.576869 0.816833
-0.446672 -0.266692 -0.110006 0.843826 3.037174 0.002479 -0.576869 0.816833
-0.454861 -0.262846 -0.107265 0.823050 3.006082 0.002479 -0.576869 0.816833
-0.454856 -0.270568 -0.112718 0.864601 3.068267 0.002575 -0.576823 0.816865
-0.452378 -0.206615 -0.203610 1.596581 2.580775 -0.002237 0.521927 -0.852987
-0.452383 -0.198550 -0.198675 1.559186 2.516006 -0.002238 0.522002 -0.852942
0.435136 -0.197142 -0.200142 1.559186 2.516006 -0.002237 0.521927 -0.852987
0.435142 -0.205202 -0.205072 1.596581 2.580775 -0.002237 0.521852 -0.853033
-0.452363 -0.206854 -0.194162 1.521791 2.580775 0.001547 -0.999672 -0.025556
-0.452378 -0.206615 -0.203610 1.596581 2.580775 0.001550 -0.999679 -0.025292
0.435142 -0.205202 -0.205072 1.596581 2.580775 0.001547 -0.999672 -0.025556
0.435157 -0.205446 -0.195625 1.521791 2.580775 0.001543 -0.999665 -0.025821
-0.452383 -0.198550 -0.198675 1.559186 2.516006 0.000692 0.477656 0.878547
-0.452363 -0.206854 -0.194162 1.521791 2.580775 0.000690 0.477451 0.878658
0.435157 -0.205446 -0.195625 1.521791 2.580775 0.000692 0.477656 0.878547
0.435136 -0.197142 -0.200142 1.559186 2.516006 0.000694 0.477860 0.878436
0.435146 -0.202595 -0.200282 1.559186 2.559186 0.999998 0.001567 -0.001547
0.435142 -0.205202 -0.205072 1.596581 2.580775 0.999997 0.001421 -0.001817
0.435136 -0.197142 -0.200142 1.559186 2.516006 0.999997 0.001873 -0.001540
0.435157 -0.205446 -0.195625 1.521791 2.580775 0.999998 0.001407 -0.001286
-0.452378 -0.204008 -0.198814 1.559186 2.559186 -0.999998 -0.001568 0.001548
-0.452383 -0.198550 -0.198675 1.559186 2.516006 -0.999998 -0.000956 0.001564
-0.452378 -0.206615 -0.203610 1.596581 2.580775 -0.999998 -0.001860 0.001011
-0.452363 -0.206854 -0.194162 1.521791 2.580775 -0.999996 -0.001887 0.002070
-0.449651 -0.206525 -0.202814 1.590279 2.579961 -0.500481 -0.463329 -0.731331
-0.457830 -0.204013 -0.198809 1.559186 2.559186 -0.500416 -0.463343 -0.731366
-0.458074 -0.112101 -0.256871 2.037174 1.843825 -0.507222 -0.362827 -0.781718
-0.449891 -0.114613 -0.260881 2.068267 1.864600 -0.500545 -0.463315 -0.731296
-0.449647 -0.201476 -0.194824 1.528093 2.538410 0.999997 0.001576 -0.001622
-0.449651 -0.206525 -0.202814 1.590279 2.579961 0.999997 0.001576 -0.001622
-0.449891 -0.114613 -0.260881 2.068267 1.864600 0.999997 0.001576 -0.001622
-0.449885 -0.109563 -0.252891 2.006082 1.823049 0.999997 0.001576 -0.001622
-0.457830 -0.204013 -0.198809 1.559186 2.559186 -0.499646 0.461710 0.732924
-0.449647 -0.201476 -0.194824 1.528093 2.538410 -0.499917 0.461649 0.732778
-0.449885 -0.109563 -0.252891 2.006082 1.823049 -0.499646 0.461710 0.732924
-0.458074 -0.112101 -0.256871 2.037174 1.843825 -0.505372 0.254753 0.824439
-0.452616 -0.112096 -0.256881 2.037174 1.843825 -0.002228 0.845320 -0.534255
-0.449891 -0.114613 -0.260881 2.068267 1.864600 -0.002464 0.845539 -0.533907
-0.458074 -0.112101 -0.256871 2.037174 1.843825 -0.001753 0.845321 -0.534256
-0.449885 -0.109563 -0.252891 2.006082 1.823049 -0.002465 0.845100 -0.534602
-0.452378 -0.204008 -0.198814 1.559186 2.559186 0.001902 -0.845321 0.534256
-0.457830 -0.204013 -0.198809 1.559186 2.559186 0.001265 -0.845321 0.534257
-0.449651 -0.206525 -0.202814 1.590279 2.579961 0.002220 -0.845615 0.533789
-0.449647 -0.201476 -0.194824 1.528093 2.538410 0.002221 -0.845025 0.534722
-0.449896 -0.112892 -0.261543 2.073851 1.851120 -0.501277 -0.147925 -0.852549
-0.450095 -0.005756 -0.280015 2.241698 1.007295 -0.501277 -0.147925 -0.852549
-0.449881 -0.111284 -0.252230 2.000498 1.836529 0.999997 0.001602 -0.001619
-0.449896 -0.112892 -0.261543 2.073851 1.851120 0.999997 0.001534 -0.001875
-0.450095 -0.005756 -0.280015 2.241698 1.007295 0.999997 0.001602 -0.001619
-0.450085 -0.004150 -0.270702 2.168345 0.992705 0.999998 0.001669 -0.001362
-0.449881 -0.111284 -0.252230 2.000498 1.836529 -0.498580 0.146364 0.854397
-0.450085 -0.004150 -0.270702 2.168345 0.992705 -0.498691 0.146364 0.854333
-0.452821 -0.004955 -0.275353 2.205022 1.000000 -0.001787 0.985445 -0.169988
-0.450095 -0.005756 -0.280015 2.241698 1.007295 -0.001666 0.985409 -0.170195
-0.458273 -0.004965 -0.275344 2.205022 1.000000 -0.002029 0.985444 -0.169988
-0.450085 -0.004150 -0.270702 2.168345 0.992705 -0.001666 0.985480 -0.169782
-0.452616 -0.112096 -0.256881 2.037174 1.843825 0.001816 -0.985436 0.170038
-0.458074 -0.112101 -0.256871 2.037174 1.843825 0.001214 -0.985437 0.170039
-0.449896 -0.112892 -0.261543 2.073851 1.851120 0.002116 -0.985524 0.169524
-0.449881 -0.111284 -0.252230 2.000498 1.836529 0.002118 -0.985346 0.170552
-0.355267 0.246747 -0.011597 0.000000 0.000000 -0.013280 0.985277 -0.170450
-0.355257 0.234976 -0.079640 1.000000 0.000000 -0.013280 0.985277 -0.170450
-0.426225 0.245816 -0.011447 0.000000 1.000000 -0.013280 0.985277 -0.170450
-0.426210 0.234046 -0.079495 1.000000 1.000000 -0.013262 0.985280 -0.170432
-0.186641 0.247016 -0.011612 0.000000 0.000000 -0.013273 0.985280 -0.170433
-0.186627 0.235245 -0.079659 1.000000 0.000000 -0.013273 0.985280 -0.170433
-0.257599 0.246086 -0.011463 0.000000 1.000000 -0.013273 0.985280 -0.170433
-0.257584 0.234315 -0.079510 1.000000 1.000000 -0.013278 0.985279 -0.170439
0.477204 0.119782 0.072559 0.000000 0.000000 0.947124 0.262453 0.184591
0.458713 0.186317 0.072837 1.000000 0.000000 0.947124 0.262453 0.184591
0.464658 0.116006 0.142303 0.000000 1.000000 0.947124 0.262453 0.184591
0.446161 0.182535 0.142582 1.000000 1.000000 0.947083 0.262540 0.184682
0.476449 0.119787 -0.081116 0.000000 0.000000 0.941909 0.262460 -0.209577
0.462061 0.116011 -0.150507 0.000000 1.000000 0.941909 0.262460 -0.209577
0.457956 0.186317 -0.080908 1.000000 0.000000 0.941909 0.262460 -0.209577
0.443569 0.182540 -0.150294 1.000000 1.000000 0.941901 0.262475 -0.209593
0.448350 0.014517 0.234927 0.000000 0.000000 0.947546 0.001479 0.319615
0.448460 -0.054536 0.234922 1.000000 0.000000 0.947546 0.001479 0.319615
0.471031 0.014557 0.167685 0.000000 1.000000 0.947546 0.001479 0.319615
0.471141 -0.054496 0.167680 1.000000 1.000000 0.947546 0.001479 0.319615
0.465857 0.014562 -0.179337 0.000000 0.000000 0.948324 0.001504 -0.317300
0.465967 -0.054496 -0.179337 1.000000 0.000000 0.948324 0.001504 -0.317300
0.443341 0.014526 -0.246633 0.000000 1.000000 0.948324 0.001504 -0.317300
0.443455 -0.054531 -0.246633 1.000000 1.000000 0.948345 0.001572 -0.317236
-0.462930 0.173844 -0.173094 0.000000 1.000000 0.118089 -0.602276 -0.789505
-0.478715 0.187361 -0.185765 0.000000 0.430000 0.117763 -0.602474 -0.789403
-0.476451 0.189087 -0.186745 1.000000 0.430000 0.118089 -0.602276 -0.789505
-0.460661 0.175576 -0.174073 1.000000 1.000000 0.118415 -0.602078 -0.789607
-0.460661 0.175576 -0.174073 0.000000 1.000000 0.709890 0.194859 -0.676821
-0.476451 0.189087 -0.186745 0.000000 0.430000 0.709822 0.194720 -0.676932
-0.475621 0.191525 -0.185172 1.000000 0.430000 0.709890 0.194859 -0.676821
-0.459836 0.178008 -0.172507 1.000000 1.000000 0.709957 0.194999 -0.676710
-0.459836 0.178008 -0.172507 0.000000 1.000000 0.592611 0.797580 0.112603
-0.475621 0.191525 -0.185172 0.000000 0.430000 0.592611 0.797580 0.112603
-0.477063 0.192237 -0.182620 1.000000 0.430000 0.592611 0.797580 0.112603
-0.461278 0.178720 -0.169955 1.000000 1.000000 0.592611 0.797580 0.112603
-0.461278 0.178720 -0.169955 0.000000 1.000000 -0.117473 0.602675 0.789293
-0.477063 0.192237 -0.182620 0.000000 0.430000 -0.118260 0.601922 0.789750
-0.479332 0.190505 -0.181641 1.000000 0.430000 -0.117473 0.602675 0.789293
-0.463542 0.176994 -0.168969 1.000000 1.000000 -0.116686 0.603427 0.788835
-0.463542 0.176994 -0.168969 0.000000 1.000000 -0.710013 -0.195089 0.676625
-0.479332 0.190505 -0.181641 0.000000 0.430000 -0.710119 -0.195570 0.676375
-0.480158 0.188068 -0.183213 1.000000 0.430000 -0.710013 -0.195089 0.676625
-0.464373 0.174556 -0.170542 1.000000 1.000000 -0.709907 -0.194608 0.676875
-0.464373 0.174556 -0.170542 0.000000 1.000000 -0.592207 -0.797802 -0.113153
-0.480158 0.188068 -0.183213 0.000000 0.430000 -0.591810 -0.798017 -0.113708
-0.478715 0.187361 -0.185765 1.000000 0.430000 -0.592207 -0.797802 -0.113153
-0.462930 0.173844 -0.173094 1.000000 1.000000 -0.592603 -0.797586 -0.112597
-0.477890 0.189799 -0.184193 1.000000 0.430000 -0.648407 0.555554 -0.520508
-0.476451 0.189087 -0.186745 1.000000 1.000000 -0.648398 0.555755 -0.520304
-0.478715 0.187361 -0.185765 0.000000 1.000000 -0.648735 0.555235 -0.520440
-0.475621 0.191525 -0.185172 1.000000 1.000000 -0.647933 0.555956 -0.520669
-0.476451 0.189087 -0.186745 0.000000 1.000000 -0.648398 0.555755 -0.520304
-0.477063 0.192237 -0.182620 1.000000 1.000000 -0.648283 0.555505 -0.520714
-0.475621 0.191525 -0.185172 0.000000 1.000000 -0.647933 0.555956 -0.520669
-0.479332 0.190505 -0.181641 1.000000 1.000000 -0.648698 0.555391 -0.520319
-0.477063 0.192237 -0.182620 0.000000 1.000000 -0.648283 0.555505 -0.520714
-0.480158 0.188068 -0.183213 1.000000 1.000000 -0.648685 0.555322 -0.520410
-0.479332 0.190505 -0.181641 0.000000 1.000000 -0.648698 0.555391 -0.520319
-0.478715 0.187361 -0.185765 1.000000 1.000000 -0.648735 0.555235 -0.520440
-0.480158 0.188068 -0.183213 0.000000 1.000000 -0.648685 0.555322 -0.520410
0.443674 0.175441 -0.179163 0.000000 1.000000 0.727549 -0.685348 -0.031175
0.458155 0.191331 -0.190571 0.000000 0.430000 0.727709 -0.685202 -0.030610
0.459186 0.192306 -0.187909 1.000000 0.430000 0.727549 -0.685348 -0.031175
0.444709 0.176416 -0.176501 1.000000 1.000000 0.727388 -0.685492 -0.031740
0.444709 0.176416 -0.176501 0.000000 1.000000 0.659943 -0.063810 0.748601
0.459186 0.192306 -0.187909 0.000000 0.430000 0.659943 -0.063810 0.748601
0.457803 0.194579 -0.186496 1.000000 0.430000 0.659943 -0.063810 0.748601
0.443325 0.178690 -0.175089 1.000000 1.000000 0.659877 -0.063727 0.748667
0.443325 0.178690 -0.175089 0.000000 1.000000 -0.067761 0.621846 0.780203
0.457803 0.194579 -0.186496 0.000000 0.430000 -0.067761 0.621846 0.780203
0.455390 0.195883 -0.187745 1.000000 0.430000 -0.067761 0.621846 0.780203
0.440908 0.179993 -0.176337 1.000000 1.000000 -0.067663 0.621807 0.780243
0.440908 0.179993 -0.176337 0.000000 1.000000 -0.727202 0.685674 0.032072
0.455390 0.195883 -0.187745 0.000000 0.430000 -0.726949 0.685918 0.032571
0.454355 0.194913 -0.190406 1.000000 0.430000 -0.727202 0.685674 0.032072
0.439878 0.179023 -0.178999 1.000000 1.000000 -0.727453 0.685430 0.031572
0.439878 0.179023 -0.178999 0.000000 1.000000 -0.659561 0.063331 -0.748979
0.454355 0.194913 -0.190406 0.000000 0.430000 -0.659374 0.062926 -0.749177
0.455743 0.192634 -0.191819 1.000000 0.430000 -0.659561 0.063331 -0.748979
0.441261 0.176745 -0.180412 1.000000 1.000000 -0.659747 0.063735 -0.748780
0.441261 0.176745 -0.180412 0.000000 1.000000 0.067761 -0.621860 -0.780191
0.455743 0.192634 -0.191819 0.000000 0.430000 0.067761 -0.621860 -0.780191
0.458155 0.191331 -0.190571 1.000000 0.430000 0.067761 -0.621860 -0.780191
0.443674 0.175441 -0.179163 1.000000 1.000000 0.067761 -0.621860 -0.780191
0.456773 0.193609 -0.189158 1.000000 0.430000 0.594912 0.652844 -0.468907
0.459186 0.192306 -0.187909 1.000000 1.000000 0.595151 0.652693 -0.468814
0.458155 0.191331 -0.190571 0.000000 1.000000 0.595231 0.652301 -0.469259
0.457803 0.194579 -0.186496 1.000000 1.000000 0.595109 0.653082 -0.468327
0.459186 0.192306 -0.187909 0.000000 1.000000 0.595151 0.652693 -0.468814
0.455390 0.195883 -0.187745 1.000000 1.000000 0.594771 0.653114 -0.468710
0.457803 0.194579 -0.186496 0.000000 1.000000 0.595109 0.653082 -0.468327
0.454355 0.194913 -0.190406 1.000000 1.000000 0.594436 0.653112 -0.469138
0.455390 0.195883 -0.187745 0.000000 1.000000 0.594771 0.653114 -0.468710
0.455743 0.192634 -0.191819 1.000000 1.000000 0.594854 0.652687 -0.469199
0.454355 0.194913 -0.190406 0.000000 1.000000 0.594436 0.653112 -0.469138
0.458155 0.191331 -0.190571 1.000000 1.000000 0.595231 0.652301 -0.469259
0.455743 0.192634 -0.191819 0.000000 1.000000 0.594854 0.652687 -0.469199
-0.496933 -0.009577 0.001427 0.000000 1.000000 -0.999998 -0.001299 0.001394
-0.497008 0.117105 0.065973 0.000000 0.000000 -0.985211 0.151831 0.079413
-0.497107 0.132408 0.008865 1.000000 0.000000 -0.985333 0.170324 0.010374
-0.497107 0.132408 0.008865 0.000000 0.000000 -0.985333 0.170324 0.010374
-0.497177 0.123160 -0.049526 1.000000 0.000000 -0.985419 0.159138 -0.060203
-0.497177 0.123160 -0.049526 0.000000 0.000000 -0.985419 0.159138 -0.060203
-0.497207 0.090956 -0.099111 1.000000 0.000000 -0.985449 0.120233 -0.120140
-0.497207 0.090956 -0.099111 0.000000 0.000000 -0.985449 0.120233 -0.120140
-0.497183 0.041376 -0.131309 1.000000 0.000000 -0.985426 0.060276 -0.159065
-0.497183 0.041376 -0.131309 0.000000 0.000000 -0.985426 0.060276 -0.159065
-0.497123 -0.017020 -0.140558 1.000000 0.000000 -0.985350 -0.010273 -0.170233
-0.497123 -0.017020 -0.140558 0.000000 0.000000 -0.985350 -0.010273 -0.170233
-0.497023 -0.074122 -0.125254 1.000000 0.000000 -0.985234 -0.079335 -0.151724
-0.497023 -0.074122 -0.125254 0.000000 0.000000 -0.985234 -0.079335 -0.151724
-0.496914 -0.120066 -0.088047 1.000000 0.000000 -0.985096 -0.134836 -0.106799
-0.496914 -0.120066 -0.088047 0.000000 0.000000 -0.985096 -0.134836 -0.106799
-0.496804 -0.146905 -0.035372 1.000000 0.000000 -0.984967 -0.167286 -0.043080
-0.496804 -0.146905 -0.035372 0.000000 0.000000 -0.984967 -0.167286 -0.043080
-0.496715 -0.150000 0.023671 1.000000 0.000000 -0.984861 -0.171020 0.028285
-0.496715 -0.150000 0.023671 0.000000 0.000000 -0.984861 -0.171020 0.028285
-0.496665 -0.128812 0.078863 1.000000 0.000000 -0.984802 -0.145421 0.094961
-0.496665 -0.128812 0.078863 0.000000 0.000000 -0.984802 -0.145421 0.094961
-0.496665 -0.087007 0.120667 1.000000 0.000000 -0.984798 -0.094892 0.145495
-0.496665 -0.087007 0.120667 0.000000 0.000000 -0.984798 -0.094892 0.145495
-0.496704 -0.031815 0.141850 1.000000 0.000000 -0.984848 -0.028156 0.171119
-0.496704 -0.031815 0.141850 0.000000 0.000000 -0.984848 -0.028156 0.171119
-0.496789 0.027223 0.138756 1.000000 0.000000 -0.984947 0.043172 0.167379
-0.496789 0.027223 0.138756 0.000000 0.000000 -0.984947 0.043172 0.167379
-0.496893 0.079903 0.111916 1.000000 0.000000 -0.985076 0.106871 0.134920
-0.496893 0.079903 0.111916 0.000000 0.000000 -0.985076 0.106871 0.134920
-0.497008 0.117105 0.065973 1.000000 0.000000 -0.985211 0.151831 0.079413
-0.497008 0.117105 0.065973 0.000000 1.000000 -0.985211 0.151831 0.079413
-0.455169 0.220763 0.118697 0.000000 0.000000 -0.940961 0.300833 0.155218
-0.455353 0.248578 0.014890 1.000000 0.000000 -0.941201 0.337309 0.019078
-0.497107 0.132408 0.008865 1.000000 1.000000 -0.985333 0.170324 0.010374
-0.497107 0.132408 0.008865 0.000000 1.000000 -0.985333 0.170324 0.010374
-0.455353 0.248578 0.014890 0.000000 0.000000 -0.941201 0.337309 0.019078
-0.455483 0.231763 -0.091256 1.000000 0.000000 -0.941373 0.315237 -0.120176
-0.497177 0.123160 -0.049526 1.000000 1.000000 -0.985419 0.159138 -0.060203
-0.497177 0.123160 -0.049526 0.000000 1.000000 -0.985419 0.159138 -0.060203
-0.455483 0.231763 -0.091256 0.000000 0.000000 -0.941373 0.315237 -0.120176
-0.455527 0.173232 -0.181387 1.000000 0.000000 -0.941428 0.238475 -0.238417
-0.497207 0.090956 -0.099111 1.000000 1.000000 -0.985449 0.120233 -0.120140
-0.497207 0.090956 -0.099111 0.000000 1.000000 -0.985449 0.120233 -0.120140
-0.455527 0.173232 -0.181387 0.000000 0.000000 -0.941428 0.238475 -0.238417
-0.455492 0.083096 -0.239922 1.000000 0.000000 -0.941383 0.120270 -0.315170
-0.497183 0.041376 -0.131309 1.000000 1.000000 -0.985426 0.060276 -0.159065
-0.497183 0.041376 -0.131309 0.000000 1.000000 -0.985426 0.060276 -0.159065
-0.455492 0.083096 -0.239922 0.000000 0.000000 -0.941383 0.120270 -0.315170
-0.455378 -0.023049 -0.256732 1.000000 0.000000 -0.941237 -0.018979 -0.337214
-0.497123 -0.017020 -0.140558 1.000000 1.000000 -0.985350 -0.010273 -0.170233
-0.497123 -0.017020 -0.140558 0.000000 1.000000 -0.985350 -0.010273 -0.170233
-0.455378 -0.023049 -0.256732 0.000000 0.000000 -0.941237 -0.018979 -0.337214
-0.455203 -0.126856 -0.228912 1.000000 0.000000 -0.941007 -0.155158 -0.300720
-0.497023 -0.074122 -0.125254 1.000000 1.000000 -0.985234 -0.079335 -0.151724
-0.497023 -0.074122 -0.125254 0.000000 1.000000 -0.985234 -0.079335 -0.151724
-0.455203 -0.126856 -0.228912 0.000000 0.000000 -0.941007 -0.155158 -0.300720
-0.454995 -0.210375 -0.161278 1.000000 0.000000 -0.940732 -0.264703 -0.212028
-0.496914 -0.120066 -0.088047 1.000000 1.000000 -0.985096 -0.134836 -0.106799
-0.496914 -0.120066 -0.088047 0.000000 1.000000 -0.985096 -0.134836 -0.106799
-0.454995 -0.210375 -0.161278 0.000000 0.000000 -0.940732 -0.264703 -0.212028
-0.454801 -0.259165 -0.065526 1.000000 0.000000 -0.940476 -0.328684 -0.086443
-0.496804 -0.146905 -0.035372 1.000000 1.000000 -0.984967 -0.167286 -0.043080
-0.496804 -0.146905 -0.035372 0.000000 1.000000 -0.984967 -0.167286 -0.043080
-0.454801 -0.259165 -0.065526 0.000000 0.000000 -0.940476 -0.328684 -0.086443
-0.454641 -0.264792 0.041799 1.000000 0.000000 -0.940274 -0.336051 0.054348
-0.496715 -0.150000 0.023671 1.000000 1.000000 -0.984861 -0.171020 0.028285
-0.496715 -0.150000 0.023671 0.000000 1.000000 -0.984861 -0.171020 0.028285
-0.454641 -0.264792 0.041799 0.000000 0.000000 -0.940274 -0.336051 0.054348
-0.454552 -0.226275 0.142134 1.000000 0.000000 -0.940160 -0.285529 0.185937
-0.496665 -0.128812 0.078863 1.000000 1.000000 -0.984802 -0.145421 0.094961
-0.496665 -0.128812 0.078863 0.000000 1.000000 -0.984802 -0.145421 0.094961
-0.454552 -0.226275 0.142134 0.000000 0.000000 -0.940160 -0.285529 0.185937
-0.454547 -0.150278 0.218126 1.000000 0.000000 -0.940148 -0.185845 0.285627
-0.496665 -0.087007 0.120667 1.000000 1.000000 -0.984798 -0.094892 0.145495
-0.496665 -0.087007 0.120667 0.000000 1.000000 -0.984798 -0.094892 0.145495
-0.454547 -0.150278 0.218126 0.000000 0.000000 -0.940148 -0.185845 0.285627
-0.454622 -0.049949 0.256637 1.000000 0.000000 -0.940245 -0.054251 0.336150
-0.496704 -0.031815 0.141850 1.000000 1.000000 -0.984848 -0.028156 0.171119
-0.496704 -0.031815 0.141850 0.000000 1.000000 -0.984848 -0.028156 0.171119
-0.454622 -0.049949 0.256637 0.000000 0.000000 -0.940245 -0.054251 0.336150
-0.454771 0.057376 0.251011 1.000000 0.000000 -0.940440 0.086505 0.328768
-0.496789 0.027223 0.138756 1.000000 1.000000 -0.984947 0.043172 0.167379
-0.496789 0.027223 0.138756 0.000000 1.000000 -0.984947 0.043172 0.167379
-0.454771 0.057376 0.251011 0.000000 0.000000 -0.940440 0.086505 0.328768
-0.454965 0.153134 0.202221 1.000000 0.000000 -0.940695 0.212116 0.264763
-0.496893 0.079903 0.111916 1.000000 1.000000 -0.985076 0.106871 0.134920
-0.496893 0.079903 0.111916 0.000000 1.000000 -0.985076 0.106871 0.134920
-0.454965 0.153134 0.202221 0.000000 0.000000 -0.940695 0.212116 0.264763
-0.455169 0.220763 0.118697 1.000000 0.000000 -0.940961 0.300833 0.155218
-0.497008 0.117105 0.065973 1.000000 1.000000 -0.985211 0.151831 0.079413
0.438828 0.221832 0.117185 0.000000 1.000000 0.956452 0.260863 0.130955
0.478602 0.105737 0.057947 0.000000 0.000000 0.956444 0.260901 0.130940
0.478513 0.119523 0.006497 1.000000 0.000000 0.956250 0.292218 0.013943
0.438649 0.249647 0.013373 1.000000 1.000000 0.956251 0.292213 0.013948
0.438649 0.249647 0.013373 0.000000 1.000000 0.956251 0.292213 0.013948
0.478513 0.119523 0.006497 0.000000 0.000000 0.956250 0.292218 0.013943
0.478453 0.111190 -0.046113 1.000000 0.000000 0.956105 0.273282 -0.105734
0.438520 0.232832 -0.092773 1.000000 1.000000 0.956095 0.273300 -0.105782
0.438520 0.232832 -0.092773 0.000000 1.000000 0.956095 0.273300 -0.105782
0.478453 0.111190 -0.046113 0.000000 0.000000 0.956105 0.273282 -0.105734
0.478428 0.082181 -0.090788 1.000000 0.000000 0.956039 0.207288 -0.207417
0.438470 0.174297 -0.182904 1.000000 1.000000 0.956037 0.207287 -0.207427
0.438470 0.174297 -0.182904 0.000000 1.000000 0.956037 0.207287 -0.207427
0.478428 0.082181 -0.090788 0.000000 0.000000 0.956039 0.207288 -0.207417
0.478444 0.037506 -0.119797 1.000000 0.000000 0.956076 0.105684 -0.273405
0.438505 0.084166 -0.241434 1.000000 1.000000 0.956081 0.105697 -0.273380
0.438505 0.084166 -0.241434 0.000000 1.000000 0.956081 0.105697 -0.273380
0.478444 0.037506 -0.119797 0.000000 0.000000 0.956076 0.105684 -0.273405
0.478504 -0.015104 -0.128130 1.000000 0.000000 0.956216 -0.013987 -0.292327
0.438624 -0.021985 -0.258244 1.000000 1.000000 0.956214 -0.013997 -0.292335
0.438624 -0.021985 -0.258244 0.000000 1.000000 0.956214 -0.013997 -0.292335
0.478504 -0.015104 -0.128130 0.000000 0.000000 0.956216 -0.013987 -0.292327
0.478588 -0.066560 -0.114345 1.000000 0.000000 0.956411 -0.131038 -0.260973
0.438798 -0.125792 -0.230430 1.000000 1.000000 0.956413 -0.131027 -0.260971
0.438798 -0.125792 -0.230430 0.000000 1.000000 0.956413 -0.131027 -0.260971
0.478588 -0.066560 -0.114345 0.000000 0.000000 0.956411 -0.131038 -0.260973
0.478693 -0.107952 -0.080818 1.000000 0.000000 0.956644 -0.225210 -0.184698
0.439002 -0.209311 -0.162796 1.000000 1.000000 0.956641 -0.225225 -0.184695
0.439002 -0.209311 -0.162796 0.000000 1.000000 0.956641 -0.225225 -0.184695
0.478693 -0.107952 -0.080818 0.000000 0.000000 0.956644 -0.225210 -0.184698
0.478787 -0.132134 -0.033357 1.000000 0.000000 0.956865 -0.280211 -0.076754
0.439201 -0.258100 -0.067038 1.000000 1.000000 0.956872 -0.280180 -0.076774
0.439201 -0.258100 -0.067038 0.000000 1.000000 0.956872 -0.280180 -0.076774
0.478787 -0.132134 -0.033357 0.000000 0.000000 0.956865 -0.280211 -0.076754
0.478866 -0.134926 0.019835 1.000000 0.000000 0.957052 -0.286522 0.044233
0.439360 -0.263722 0.040282 1.000000 1.000000 0.957048 -0.286532 0.044249
0.439360 -0.263722 0.040282 0.000000 1.000000 0.957048 -0.286532 0.044249
0.478866 -0.134926 0.019835 0.000000 0.000000 0.957052 -0.286522 0.044233
0.478911 -0.115832 0.069565 1.000000 0.000000 0.957149 -0.243117 0.157353
0.439450 -0.225206 0.140617 1.000000 1.000000 0.957151 -0.243116 0.157342
0.439450 -0.225206 0.140617 0.000000 1.000000 0.957151 -0.243116 0.157342
0.478911 -0.115832 0.069565 0.000000 0.000000 0.957149 -0.243117 0.157353
0.478916 -0.078167 0.107230 1.000000 0.000000 0.957157 -0.157441 0.243028
0.439455 -0.149214 0.216609 1.000000 1.000000 0.957152 -0.157434 0.243054
0.439455 -0.149214 0.216609 0.000000 1.000000 0.957152 -0.157434 0.243054
0.478916 -0.078167 0.107230 0.000000 0.000000 0.957157 -0.157441 0.243028
0.478876 -0.028437 0.126319 1.000000 0.000000 0.957061 -0.044299 0.286481
0.439375 -0.048879 0.255120 1.000000 1.000000 0.957061 -0.044296 0.286483
0.439375 -0.048879 0.255120 0.000000 1.000000 0.957061 -0.044296 0.286483
0.478876 -0.028437 0.126319 0.000000 0.000000 0.957061 -0.044299 0.286481
0.478801 0.024755 0.123528 1.000000 0.000000 0.956897 0.076676 0.280124
0.439231 0.058440 0.249493 1.000000 1.000000 0.956905 0.076639 0.280105
0.439231 0.058440 0.249493 0.000000 1.000000 0.956905 0.076639 0.280105
0.478801 0.024755 0.123528 0.000000 0.000000 0.956897 0.076676 0.280124
0.478707 0.072216 0.099344 1.000000 0.000000 0.956682 0.184642 0.225094
0.439032 0.154198 0.200704 1.000000 1.000000 0.956674 0.184680 0.225096
0.439032 0.154198 0.200704 0.000000 1.000000 0.956674 0.184680 0.225096
0.478707 0.072216 0.099344 0.000000 0.000000 0.956682 0.184642 0.225094
0.478602 0.105737 0.057947 1.000000 0.000000 0.956444 0.260901 0.130940
0.438828 0.221832 0.117185 1.000000 1.000000 0.956452 0.260863 0.130955
0.496070 -0.008378 -0.000229 0.000000 1.000000 0.999998 0.001316 -0.001387
0.495910 0.119548 0.006472 0.000000 0.780000 0.999998 0.001317 -0.001411
0.496000 0.105762 0.057928 0.080000 0.780000 0.999998 0.001307 -0.001370
0.495846 0.111214 -0.046138 0.000000 0.780000 0.999998 0.001321 -0.001427
0.495910 0.119548 0.006472 0.080000 0.780000 0.999998 0.001317 -0.001411
0.495821 0.082201 -0.090813 0.000000 0.780000 0.999998 0.001338 -0.001406
0.495846 0.111214 -0.046138 0.080000 0.780000 0.999998 0.001321 -0.001427
0.495841 0.037526 -0.119822 0.000000 0.780000 0.999998 0.001307 -0.001409
0.495821 0.082201 -0.090813 0.080000 0.780000 0.999998 0.001338 -0.001406
0.495895 -0.015085 -0.128155 0.000000 0.780000 0.999998 0.001309 -0.001429
0.495841 0.037526 -0.119822 0.080000 0.780000 0.999998 0.001307 -0.001409
0.495985 -0.066535 -0.114364 0.000000 0.780000 0.999998 0.001317 -0.001411
0.495895 -0.015085 -0.128155 0.080000 0.780000 0.999998 0.001309 -0.001429
0.496084 -0.107932 -0.080843 0.000000 0.780000 0.999998 0.001293 -0.001410
0.495985 -0.066535 -0.114364 0.080000 0.780000 0.999998 0.001317 -0.001411
0.496184 -0.132115 -0.033382 0.000000 0.780000 0.999998 0.001308 -0.001428
0.496084 -0.107932 -0.080843 0.080000 0.780000 0.999998 0.001293 -0.001410
0.496264 -0.134901 0.019810 0.000000 0.780000 0.999998 0.001309 -0.001417
0.496184 -0.132115 -0.033382 0.080000 0.780000 0.999998 0.001308 -0.001428
0.496308 -0.115812 0.069540 0.000000 0.780000 0.999998 0.001330 -0.001378
0.496264 -0.134901 0.019810 0.080000 0.780000 0.999998 0.001309 -0.001417
0.496308 -0.078146 0.107204 0.000000 0.780000 0.999998 0.001294 -0.001384
0.496308 -0.115812 0.069540 0.080000 0.780000 0.999998 0.001330 -0.001378
0.496274 -0.028417 0.126294 0.000000 0.780000 0.999998 0.001288 -0.001412
0.496308 -0.078146 0.107204 0.080000 0.780000 0.999998 0.001294 -0.001384
0.496199 0.024780 0.123508 0.000000 0.780000 0.999998 0.001356 -0.001410
0.496274 -0.028417 0.126294 0.080000 0.780000 0.999998 0.001288 -0.001412
0.496100 0.072241 0.099324 0.000000 0.780000 0.999998 0.001337 -0.001384
0.496199 0.024780 0.123508 0.080000 0.780000 0.999998 0.001356 -0.001410
0.496000 0.105762 0.057928 0.000000 0.780000 0.999998 0.001307 -0.001370
0.496100 0.072241 0.099324 0.080000 0.780000 0.999998 0.001337 -0.001384
-0.460308 0.174745 -0.170078 0.500000 0.500000 0.648631 -0.555169 0.520640
-0.467049 0.154855 -0.182889 0.999500 0.500000 0.648629 -0.555171 0.520640
-0.448552 0.168954 -0.190899 0.749750 0.000500 0.648590 -0.555223 0.520633
-0.441811 0.188838 -0.178089 0.250250 0.000500 0.648551 -0.555275 0.520626
-0.453562 0.194630 -0.157273 0.000500 0.500000 0.648553 -0.555285 0.520612
-0.472059 0.180535 -0.149263 0.250250 0.999500 0.648628 -0.555175 0.520636
-0.478800 0.160646 -0.162069 0.749750 0.999500 0.648720 -0.555103 0.520599
-0.467049 0.154855 -0.182889 0.999500 0.500000 -0.503642 0.180947 -0.844750
-0.467432 0.163317 -0.180850 0.841096 0.500000 -0.503508 0.180836 -0.844854
-0.454801 0.172944 -0.186317 0.670548 0.158904 -0.503642 0.180947 -0.844750
-0.448552 0.168954 -0.190899 0.749750 0.000500 -0.503776 0.181057 -0.844647
-0.448552 0.168954 -0.190899 0.749750 0.000500 -0.208565 0.578590 -0.788502
-0.454801 0.172944 -0.186317 0.670548 0.158904 -0.208798 0.578546 -0.788472
-0.450194 0.186526 -0.177571 0.329452 0.158904 -0.208565 0.578590 -0.788502
-0.441811 0.188838 -0.178089 0.250250 0.000500 -0.208332 0.578634 -0.788531
-0.441811 0.188838 -0.178089 0.250250 0.000500 -0.266912 0.878935 -0.395260
-0.450194 0.186526 -0.177571 0.329452 0.158904 -0.266912 0.878935 -0.395260
-0.458218 0.190481 -0.163357 0.158904 0.500000 -0.266912 0.878935 -0.395260
-0.453562 0.194630 -0.157273 0.000500 0.500000 -0.266832 0.878997 -0.395177
-0.453562 0.194630 -0.157273 0.000500 0.500000 -0.620871 0.781760 -0.058052
-0.458218 0.190481 -0.163357 0.158904 0.500000 -0.620878 0.781764 -0.057921
-0.470850 0.180854 -0.157885 0.329452 0.841096 -0.620871 0.781760 -0.058052
-0.472059 0.180535 -0.149263 0.250250 0.999500 -0.620863 0.781757 -0.058184
-0.472059 0.180535 -0.149263 0.250250 0.999500 -0.916216 0.384100 -0.114091
-0.470850 0.180854 -0.157885 0.329452 0.841096 -0.916107 0.384305 -0.114269
-0.475457 0.167272 -0.166631 0.670548 0.841096 -0.916216 0.384100 -0.114091
-0.478800 0.160646 -0.162069 0.749750 0.999500 -0.916324 0.383894 -0.113912
-0.478800 0.160646 -0.162069 0.749750 0.999500 -0.857713 0.083515 -0.507301
-0.475457 0.167272 -0.166631 0.670548 0.841096 -0.857713 0.083515 -0.507301
-0.467432 0.163317 -0.180850 0.841096 0.500000 -0.857713 0.083515 -0.507301
-0.467049 0.154855 -0.182889 0.999500 0.500000 -0.857713 0.083450 -0.507311
-0.462826 0.176898 -0.172103 0.500000 0.500000 -0.648596 0.555241 -0.520606
-0.454801 0.172944 -0.186317 0.670548 0.158904 -0.648532 0.555257 -0.520668
-0.467432 0.163317 -0.180850 0.841096 0.500000 -0.648597 0.555240 -0.520606
-0.450194 0.186526 -0.177571 0.329452 0.158904 -0.648544 0.555242 -0.520670
-0.458218 0.190481 -0.163357 0.158904 0.500000 -0.648603 0.555240 -0.520598
-0.470850 0.180854 -0.157885 0.329452 0.841096 -0.648660 0.555224 -0.520544
-0.475457 0.167272 -0.166631 0.670548 0.841096 -0.648662 0.555222 -0.520545
0.440644 0.175909 -0.176447 0.500000 0.500000 -0.594931 -0.652889 0.468821
0.451932 0.157343 -0.187973 0.999500 0.500000 -0.594873 -0.652841 0.468962
0.460344 0.165272 -0.166263 0.749750 0.000500 -0.594863 -0.652927 0.468854
0.449051 0.183834 -0.154736 0.250250 0.000500 -0.594960 -0.652913 0.468750
0.429356 0.194475 -0.164920 0.000500 0.500000 -0.594971 -0.652822 0.468864
0.420943 0.186545 -0.186630 0.250250 0.999500 -0.594875 -0.652831 0.468973
0.432231 0.167979 -0.198162 0.749750 0.999500 -0.594866 -0.652908 0.468876
0.451932 0.157343 -0.187973 0.999500 0.500000 0.878336 0.224388 -0.422110
0.450663 0.165765 -0.186142 0.841096 0.500000 0.878545 0.224027 -0.421866
0.456404 0.171178 -0.171313 0.670548 0.158904 0.878336 0.224388 -0.422110
0.460344 0.165272 -0.166263 0.749750 0.000500 0.878126 0.224749 -0.422353
0.460344 0.165272 -0.166263 0.749750 0.000500 0.844625 0.534314 -0.033413
0.456404 0.171178 -0.171313 0.670548 0.158904 0.844560 0.534375 -0.034080
0.448699 0.183859 -0.163442 0.329452 0.158904 0.844625 0.534314 -0.033413
0.449051 0.183834 -0.154736 0.250250 0.000500 0.844690 0.534253 -0.032746
0.449051 0.183834 -0.154736 0.250250 0.000500 0.482064 0.875965 -0.017311
0.448699 0.183859 -0.163442 0.329452 0.158904 0.481856 0.876084 -0.017072
0.435246 0.191122 -0.170397 0.158904 0.500000 0.482064 0.875965 -0.017311
0.429356 0.194475 -0.164920 0.000500 0.500000 0.482272 0.875846 -0.017550
0.429356 0.194475 -0.164920 0.000500 0.500000 0.153096 0.907662 -0.390783
0.435246 0.191122 -0.170397 0.158904 0.500000 0.153287 0.907635 -0.390770
0.429500 0.185710 -0.185223 0.329452 0.841096 0.153096 0.907662 -0.390783
0.420943 0.186545 -0.186630 0.250250 0.999500 0.152906 0.907688 -0.390796
0.420943 0.186545 -0.186630 0.250250 0.999500 0.186660 0.597722 -0.779671
0.429500 0.185710 -0.185223 0.329452 0.841096 0.186609 0.597681 -0.779715
0.437211 0.173029 -0.193098 0.670548 0.841096 0.186660 0.597722 -0.779671
0.432231 0.167979 -0.198162 0.749750 0.999500 0.186711 0.597762 -0.779628
0.432231 0.167979 -0.198162 0.749750 0.999500 0.549417 0.255806 -0.795427
0.437211 0.173029 -0.193098 0.670548 0.841096 0.549409 0.255935 -0.795391
0.450663 0.165765 -0.186142 0.841096 0.500000 0.549417 0.255806 -0.795427
0.451932 0.157343 -0.187973 0.999500 0.500000 0.549425 0.255677 -0.795463
0.442953 0.178446 -0.178268 0.500000 0.500000 0.595030 0.652794 -0.468827
0.456404 0.171178 -0.171313 0.670548 0.158904 0.595085 0.652775 -0.468784
0.450663 0.165765 -0.186142 0.841096 0.500000 0.594993 0.652891 -0.468740
0.448699 0.183859 -0.163442 0.329452 0.158904 0.595008 0.652750 -0.468917
0.435246 0.191122 -0.170397 0.158904 0.500000 0.594919 0.652834 -0.468913
0.429500 0.185710 -0.185223 0.329452 0.841096 0.594919 0.652834 -0.468913
0.437211 0.173029 -0.193098 0.670548 0.841096 0.594912 0.652899 -0.468831
0.478602 0.105737 0.057947 0.000000 1.000000 -0.000849 0.920871 0.389867
0.495910 0.119548 0.006472 1.000000 1.000000 -0.001258 0.992434 0.122769
0.478513 0.119523 0.006497 1.000000 1.000000 -0.001346 0.998629 0.052328
0.496000 0.105762 0.057928 0.000000 1.000000 -0.000772 0.891018 0.453967
0.478513 0.119523 0.006497 0.000000 1.000000 -0.001346 0.998629 0.052328
0.495846 0.111214 -0.046138 1.000000 1.000000 -0.001857 0.933573 -0.358383
0.478453 0.111190 -0.046113 1.000000 1.000000 -0.001829 0.905921 -0.423443
0.495910 0.119548 0.006472 0.000000 1.000000 -0.001258 0.992434 0.122769
0.478453 0.111190 -0.046113 0.000000 1.000000 -0.001829 0.905921 -0.423443
0.495821 0.082201 -0.090813 1.000000 1.000000 -0.001893 0.755310 -0.655365
0.478428 0.082181 -0.090788 1.000000 1.000000 -0.001829 0.707109 -0.707103
0.495846 0.111214 -0.046138 0.000000 1.000000 -0.001857 0.933573 -0.358383
0.478428 0.082181 -0.090788 0.000000 1.000000 -0.001829 0.707109 -0.707103
0.495841 0.037526 -0.119822 1.000000 1.000000 -0.001754 0.358345 -0.933588
0.478444 0.037506 -0.119797 1.000000 1.000000 -0.001751 0.358346 -0.933587
0.495821 0.082201 -0.090813 0.000000 1.000000 -0.001893 0.755310 -0.655365
0.478444 0.037506 -0.119797 0.000000 1.000000 -0.001751 0.358346 -0.933587
0.495895 -0.015085 -0.128155 1.000000 1.000000 -0.001377 -0.052374 -0.998627
0.478504 -0.015104 -0.128130 1.000000 1.000000 -0.001167 -0.122796 -0.992431
0.495841 0.037526 -0.119822 0.000000 1.000000 -0.001754 0.358345 -0.933588
0.478504 -0.015104 -0.128130 0.000000 1.000000 -0.001167 -0.122796 -0.992431
0.495985 -0.066535 -0.114364 1.000000 1.000000 -0.000621 -0.389894 -0.920860
0.478588 -0.066560 -0.114345 1.000000 1.000000 -0.000381 -0.515849 -0.856679
0.495895 -0.015085 -0.128155 0.000000 1.000000 -0.001377 -0.052374 -0.998627
0.478588 -0.066560 -0.114345 0.000000 1.000000 -0.000381 -0.515849 -0.856679
0.496084 -0.107932 -0.080843 1.000000 1.000000 -0.000003 -0.730749 -0.682646
0.478693 -0.107952 -0.080818 1.000000 1.000000 -0.000004 -0.777181 -0.629278
0.495985 -0.066535 -0.114364 0.000000 1.000000 -0.000621 -0.389894 -0.920860
0.478693 -0.107952 -0.080818 0.000000 1.000000 -0.000004 -0.777181 -0.629278
0.496184 -0.132115 -0.033382 1.000000 1.000000 0.000746 -0.965928 -0.258810
0.478787 -0.132134 -0.033357 1.000000 1.000000 0.000958 -0.981799 -0.189920
0.496084 -0.107932 -0.080843 0.000000 1.000000 -0.000003 -0.730749 -0.682646
0.478787 -0.132134 -0.033357 0.000000 1.000000 0.000958 -0.981799 -0.189920
0.496264 -0.134901 0.019810 1.000000 1.000000 0.001459 -0.996275 0.086221
0.478866 -0.134926 0.019835 1.000000 1.000000 0.001624 -0.974161 0.225848
0.496184 -0.132115 -0.033382 0.000000 1.000000 0.000746 -0.965928 -0.258810
0.478866 -0.134926 0.019835 0.000000 1.000000 0.001624 -0.974161 0.225848
0.496308 -0.115812 0.069540 1.000000 1.000000 0.001777 -0.875053 0.484024
0.478911 -0.115832 0.069565 1.000000 1.000000 0.001733 -0.838648 0.544672
0.496264 -0.134901 0.019810 0.000000 1.000000 0.001459 -0.996275 0.086221
0.478911 -0.115832 0.069565 0.000000 1.000000 0.001733 -0.838648 0.544672
0.496308 -0.078146 0.107204 1.000000 1.000000 0.001832 -0.544635 0.838671
0.478916 -0.078167 0.107230 1.000000 1.000000 0.001832 -0.544635 0.838671
0.496308 -0.115812 0.069540 0.000000 1.000000 0.001777 -0.875053 0.484024
0.478916 -0.078167 0.107230 0.000000 1.000000 0.001832 -0.544635 0.838671
0.496274 -0.028417 0.126294 1.000000 1.000000 0.001599 -0.156447 0.987685
0.478876 -0.028437 0.126319 1.000000 1.000000 0.001428 -0.086226 0.996275
0.496308 -0.078146 0.107204 0.000000 1.000000 0.001832 -0.544635 0.838671
0.478876 -0.028437 0.126319 0.000000 1.000000 0.001428 -0.086226 0.996275
0.496199 0.024780 0.123508 1.000000 1.000000 0.000958 0.189917 0.981800
0.478801 0.024755 0.123528 1.000000 1.000000 0.000725 0.258858 0.965915
0.496274 -0.028417 0.126294 0.000000 1.000000 0.001599 -0.156447 0.987685
0.478801 0.024755 0.123528 0.000000 1.000000 0.000725 0.258858 0.965915
0.496100 0.072241 0.099324 1.000000 1.000000 -0.000033 0.629333 0.777136
0.478707 0.072216 0.099344 1.000000 1.000000 -0.000033 0.629333 0.777136
0.496199 0.024780 0.123508 0.000000 1.000000 0.000958 0.189917 0.981800
0.478707 0.072216 0.099344 0.000000 1.000000 -0.000033 0.629333 0.777136
0.496000 0.105762 0.057928 1.000000 1.000000 -0.000772 0.891018 0.453967
0.478602 0.105737 0.057947 1.000000 1.000000 -0.000849 0.920871 0.389867
0.496100 0.072241 0.099324 0.000000 1.000000 -0.000033 0.629333 0.777136
-0.455169 0.220763 0.118697 0.104431 0.000838 -0.000293 0.891011 0.453982
0.438828 0.221828 0.117185 0.102751 0.998928 -0.000293 0.891011 0.453982
0.438649 0.249642 0.013378 -0.014194 0.998758 -0.001101 0.998628 0.052347
-0.455353 0.248578 0.014890 -0.012732 0.000668 -0.001101 0.998628 0.052344
-0.455353 0.248578 0.014890 1.727268 0.000668 -0.001101 0.998628 0.052344
0.438649 0.249642 0.013378 1.725806 0.998758 -0.001101 0.998628 0.052347
0.438520 0.232832 -0.092773 1.609247 0.998639 -0.001718 0.933578 -0.358369
-0.455483 0.231767 -0.091260 1.610233 0.000548 -0.001718 0.933579 -0.358367
0.438470 0.174297 -0.182904 1.493273 0.998589 -0.002038 0.707092 -0.707119
-0.455527 0.173232 -0.181392 1.493616 0.000499 -0.002039 0.707090 -0.707120
0.438505 0.084166 -0.241434 1.377898 0.998620 -0.002006 0.358351 -0.933585
-0.455492 0.083101 -0.239922 1.377548 0.000530 -0.002006 0.358352 -0.933584
0.438624 -0.021985 -0.258244 1.262941 0.998724 -0.001627 -0.052348 -0.998628
-0.455378 -0.023049 -0.256732 1.261964 0.000634 -0.001627 -0.052350 -0.998627
0.438798 -0.125792 -0.230430 1.148104 0.998884 -0.000967 -0.453996 -0.891003
-0.455203 -0.126856 -0.228918 1.146668 0.000794 -0.000966 -0.453994 -0.891004
0.439002 -0.209311 -0.162796 1.033100 0.999073 -0.000139 -0.777155 -0.629310
-0.454995 -0.210375 -0.161283 1.031448 0.000983 -0.000139 -0.777156 -0.629308
0.439201 -0.258100 -0.067038 0.917758 0.999257 0.000713 -0.965931 -0.258800
-0.454801 -0.259165 -0.065526 0.916170 0.001167 0.000713 -0.965930 -0.258803
0.439360 -0.263722 0.040287 0.802051 0.999405 0.001441 -0.987684 0.156458
-0.454641 -0.264786 0.041799 0.800799 0.001315 0.001441 -0.987683 0.156460
0.439450 -0.225206 0.140617 0.686048 0.999491 0.001922 -0.838661 0.544650
-0.454552 -0.226275 0.142129 0.685349 0.001401 0.001925 -0.838673 0.544631
0.439455 -0.149214 0.216609 0.569822 0.999500 0.002069 -0.544647 0.838663
-0.454547 -0.150278 0.218121 0.569800 0.001410 0.002067 -0.544633 0.838672
0.439375 -0.048884 0.255124 0.453387 0.999432 0.001857 -0.156437 0.987686
-0.454622 -0.049949 0.256637 0.454051 0.001342 0.001857 -0.156437 0.987686
0.439231 0.058440 0.249498 0.336713 0.999297 0.001326 0.258844 0.965918
-0.454771 0.057376 0.251011 0.337951 0.001207 0.001326 0.258844 0.965918
0.439037 0.154198 0.200704 0.219798 0.999118 0.000565 0.629341 0.777129
-0.454965 0.153134 0.202216 0.221398 0.001028 0.000565 0.629341 0.777129
-0.269275 0.088041 -0.245424 0.000499 0.209496 -0.000640 0.156668 -0.987651
0.252960 0.088857 -0.245633 0.999147 0.205968 -0.000640 0.156668 -0.987651
-0.269091 -0.035591 -0.265035 0.000853 0.745429 -0.000640 0.156668 -0.987651
0.253149 -0.034775 -0.265240 0.999500 0.741902 -0.000631 0.156629 -0.987657
0.253820 0.068226 0.252364 0.000872 0.238452 0.000313 0.050279 0.998735
-0.268415 0.067425 0.252568 0.999500 0.241704 0.000313 0.050279 0.998735
0.254019 -0.056789 0.258657 0.000499 0.744691 0.000313 0.050279 0.998735
-0.268220 -0.057595 0.258861 0.999128 0.747943 0.000313 0.050277 0.998735
0.169385 0.288467 0.115732 0.000500 0.500000 0.000093 0.000073 1.000000
0.169684 0.219768 0.115737 0.999500 0.500000 0.000045 0.000037 1.000000
0.218050 0.219887 0.104692 0.999500 0.353224 0.433892 0.001922 0.900963
0.217751 0.288591 0.104692 0.000499 0.353224 0.500977 0.002210 0.865458
0.256840 0.219987 0.073763 0.999500 0.235519 0.732291 0.003246 0.680984
0.256537 0.288685 0.073758 0.000499 0.235519 0.826889 0.003657 0.562354
0.278361 0.220042 0.029063 0.999501 0.170197 0.955232 0.004181 0.295829
0.278063 0.288741 0.029063 0.000500 0.170197 0.988993 0.004322 0.147901
0.278361 0.220037 -0.020547 0.999501 0.170197 0.988985 0.004333 -0.147954
0.278058 0.288741 -0.020552 0.000500 0.170197 0.974907 0.004290 -0.222571
0.256835 0.219982 -0.065247 0.999500 0.235519 0.781798 0.003438 -0.623522
0.256532 0.288681 -0.065247 0.000499 0.235519 0.781784 0.003454 -0.623539
0.218045 0.219882 -0.096176 0.999500 0.353224 0.433846 0.001908 -0.900985
0.217747 0.288586 -0.096176 0.000499 0.353224 0.433875 0.001885 -0.900971
0.169679 0.219763 -0.107216 0.999500 0.500000 -0.000048 -0.000001 -1.000000
0.169380 0.288462 -0.107216 0.000500 0.500000 -0.000049 -0.000000 -1.000000
0.121313 0.219638 -0.096171 0.999501 0.646776 -0.433956 -0.001916 -0.900932
0.121014 0.288338 -0.096176 0.000500 0.646776 -0.433913 -0.001951 -0.900953
0.082528 0.219539 -0.065237 0.999501 0.764481 -0.781828 -0.003474 -0.623485
0.082225 0.288243 -0.065241 0.000500 0.764481 -0.826876 -0.003658 -0.562373
0.061001 0.219489 -0.020542 0.999501 0.829803 -0.955230 -0.004182 -0.295833
0.060703 0.288188 -0.020542 0.000500 0.829803 -0.974927 -0.004236 -0.222485
0.061001 0.219489 0.029069 0.999501 0.829803 -0.974917 -0.004234 0.222529
0.060703 0.288188 0.029068 0.000500 0.829803 -0.974917 -0.004234 0.222529
0.082528 0.219544 0.073768 0.999501 0.764481 -0.781796 -0.003368 0.623525
0.082229 0.288243 0.073763 0.000500 0.764481 -0.781787 -0.003357 0.623537
0.121317 0.219643 0.104697 0.999501 0.646776 -0.433848 -0.001858 0.900984
0.121019 0.288343 0.104697 0.000500 0.646776 -0.433881 -0.001885 0.900968

Indices: 
0 1 2 2 3 0 4 5 6 6 7 4 8 9 10 10 11 8 12 13 14 12 15 13 12 14 15 16 17 18 16 18 19 16 19 17 20 2 21 21 22 20 23 24 25 25 26 23 11 27 28 28 29 11 30 31 32 30 33 31 30 32 33 34 35 36 34 36 37 34 37 35 38 21 39 39 40 38 41 42 43 43 44 41 29 45 46 46 47 29 48 49 50 48 51 49 48 50 51 52 53 54 52 54 55 52 55 53 56 39 57 57 58 56 59 60 61 61 62 59 47 63 64 64 65 47 66 67 68 66 69 67 66 68 69 70 71 72 70 72 73 70 73 71 74 57 75 75 76 74 77 78 79 79 80 77 65 81 82 82 83 65 84 85 86 84 87 85 84 86 87 88 89 90 88 90 91 88 91 89 92 75 93 93 94 92 95 96 97 97 98 95 83 99 100 100 101 83 102 103 104 102 105 103 102 104 105 106 107 108 106 108 109 106 109 107 110 111 112 112 113 110 114 115 116 116 117 114 118 119 120 120 121 118 122 123 124 122 125 123 122 124 125 126 127 128 126 128 129 126 129 127 130 112 131 131 132 130 133 134 135 135 136 133 121 137 138 138 139 121 140 141 142 140 143 141 140 142 143 144 145 146 144 146 147 144 147 145 148 131 149 149 150 148 151 152 153 153 154 151 139 155 156 156 157 139 158 159 160 158 161 159 158 160 161 162 163 164 162 164 165 162 165 163 166 149 167 167 168 166 169 170 171 171 172 169 157 173 174 174 175 157 176 177 178 176 179 177 176 178 179 180 181 182 180 182 183 180 183 181 184 167 185 185 186 184 187 188 189 189 190 187 175 191 192 192 193 175 194 195 196 194 197 195 194 196 197 198 199 200 198 200 201 198 201 199 202 185 203 203 204 202 205 206 207 207 208 205 193 209 210 210 211 193 212 213 214 212 215 213 212 214 215 216 217 218 216 218 219 216 219 217 220 203 221 221 222 220 223 224 225 225 226 223 211 227 228 228 229 211 230 231 232 230 233 231 230 232 233 234 235 236 234 236 237 234 237 235 238 221 239 239 240 238 241 242 243 243 244 241 229 245 246 246 247 229 248 249 250 248 251 249 248 250 251 252 253 254 252 254 255 252 255 253 256 257 258 258 259 256 260 261 262 262 263 260 264 265 266 266 267 264 268 269 270 268 271 269 268 270 271 272 273 274 272 274 275 272 275 273 276 258 1 1 277 276 278 279 280 280 281 278 267 282 283 283 8 267 284 285 286 284 287 285 284 286 287 288 289 290 288 290 291 288 291 289 292 293 294 294 295 292 296 297 298 298 299 296 300 301 302 302 303 300 304 305 306 304 307 305 304 306 307 308 309 310 308 310 311 308 311 309 312 294 313 313 314 312 315 316 317 317 318 315 303 319 320 320 321 303 322 323 324 322 325 323 322 324 325 326 327 328 326 328 329 326 329 327 330 331 332 332 333 330 334 335 336 336 337 334 338 339 340 340 341 338 342 343 344 342 345 343 342 344 345 346 347 348 346 348 349 346 349 347 350 313 351 351 352 350 353 354 355 355 356 353 321 357 358 358 359 321 360 361 362 360 363 361 360 362 363 364 365 366 364 366 367 364 367 365 368 351 369 369 370 368 371 372 373 373 374 371 359 375 376 376 377 359 378 379 380 378 381 379 378 380 381 382 383 384 382 384 385 382 385 383 386 369 387 387 388 386 389 390 391 391 392 389 377 393 394 394 395 377 396 397 398 396 399 397 396 398 399 400 401 402 400 402 403 400 403 401 404 387 405 405 406 404 407 408 409 409 410 407 395 411 412 412 413 395 414 415 416 414 417 415 414 416 417 418 419 420 418 420 421 418 421 419 422 423 424 424 425 422 426 427 428 428 429 426 430 431 432 432 433 430 434 435 436 434 437 435 434 436 437 438 439 440 438 440 441 438 441 439 442 443 444 444 445 442 446 447 448 448 449 446 450 451 452 452 453 450 454 455 456 454 457 455 454 456 457 458 459 460 458 460 461 458 461 459 462 444 463 463 464 462 465 466 467 467 468 465 453 469 470 470 471 453 472 473 474 472 475 473 472 474 475 476 477 478 476 478 479 476 479 477 480 463 481 481 482 480 483 484 485 485 486 483 471 487 488 488 489 471 490 491 492 490 493 491 490 492 493 494 495 496 494 496 497 494 497 495 498 481 499 499 500 498 501 502 503 503 504 501 489 505 506 506 507 489 508 509 510 508 511 509 508 510 511 512 513 514 512 514 515 512 515 513 516 517 518 518 519 516 520 521 522 522 523 520 524 525 526 526 527 524 528 529 530 528 531 529 528 530 531 532 533 534 532 534 535 532 535 533 536 499 537 537 538 536 539 540 541 541 542 539 507 543 544 544 545 507 546 547 548 546 549 547 546 548 549 550 551 552 550 552 553 550 553 551 554 537 555 555 556 554 557 558 559 559 560 557 545 561 562 562 563 545 564 565 566 564 567 565 564 566 567 568 569 570 568 570 571 568 571 569 572 555 573 573 574 572 575 576 577 577 578 575 563 579 580 580 581 563 582 583 584 582 585 583 582 584 585 586 587 588 586 588 589 586 589 587 590 573 591 591 592 590 593 594 595 595 596 593 581 597 598 598 599 581 600 601 602 600 603 601 600 602 603 604 605 606 604 606 607 604 607 605 608 609 610 610 611 608 612 613 614 614 615 612 616 617 618 618 619 616 620 621 622 620 623 621 620 622 623 624 625 626 624 626 627 624 627 625 628 629 630 630 631 628 632 633 634 634 635 632 636 637 638 638 639 636 640 641 642 640 643 641 640 642 643 644 645 646 644 646 647 644 647 645 648 630 293 293 649 648 650 651 652 652 653 650 639 654 655 655 300 639 656 657 658 656 659 657 656 658 659 660 661 662 660 662 663 660 663 661 664 665 666 667 666 665 668 669 670 671 670 669 672 673 674 675 674 673 676 677 678 679 678 677 680 681 682 683 682 681 684 685 686 687 686 685 688 689 690 688 690 691 692 693 694 692 694 695 696 697 698 696 698 699 700 701 702 700 702 703 704 705 706 704 706 707 708 709 710 708 710 711 712 713 714 712 715 716 712 717 718 712 719 720 712 721 722 712 723 724 725 726 727 725 727 728 729 730 731 729 731 732 733 734 735 733 735 736 737 738 739 737 739 740 741 742 743 741 743 744 745 746 747 745 747 748 749 750 751 749 752 753 749 754 755 749 756 757 749 758 759 749 760 761 762 763 764 762 765 766 762 767 768 762 769 770 762 771 772 762 773 774 762 775 776 762 777 778 762 779 780 762 781 782 762 783 784 762 785 786 762 787 788 762 789 790 762 791 792 793 794 795 793 795 796 797 798 799 797 799 800 801 802 803 801 803 804 805 806 807 805 807 808 809 810 811 809 811 812 813 814 815 813 815 816 817 818 819 817 819 820 821 822 823 821 823 824 825 826 827 825 827 828 829 830 831 829 831 832 833 834 835 833 835 836 837 838 839 837 839 840 841 842 843 841 843 844 845 846 847 845 847 848 849 850 851 849 851 852 853 854 855 853 855 856 857 858 859 857 859 860 861 862 863 861 863 864 865 866 867 865 867 868 869 870 871 869 871 872 873 874 875 873 875 876 877 878 879 877 879 880 881 882 883 881 883 884 885 886 887 885 887 888 889 890 891 889 891 892 893 894 895 893 895 896 897 898 899 897 899 900 901 902 903 901 903 904 905 906 907 905 907 908 909 910 911 909 911 912 913 914 915 913 916 917 913 918 919 913 920 921 913 922 923 913 924 925 913 926 927 913 928 929 913 930 931 913 932 933 913 934 935 913 936 937 913 938 939 913 940 941 913 942 943 944 945 946 944 946 947 944 947 948 944 948 949 944 949 950 944 950 945 951 952 953 951 953 954 955 956 957 955 957 958 959 960 961 959 961 962 963 964 965 963 965 966 967 968 969 967 969 970 971 972 973 971 973 974 975 976 977 975 978 976 975 979 978 975 980 979 975 981 980 975 977 981 982 983 984 982 984 985 982 985 986 982 986 987 982 987 988 982 988 983 989 990 991 989 991 992 993 994 995 993 995 996 997 998 999 997 999 1000 1001 1002 1003 1001 1003 1004 1005 1006 1007 1005 1007 1008 1009 1010 1011 1009 1011 1012 1013 1014 1015 1013 1016 1014 1013 1017 1016 1013 1018 1017 1013 1019 1018 1013 1015 1019 1020 1021 1022 1021 1020 1023 1024 1025 1026 1025 1024 1027 1028 1029 1030 1029 1028 1031 1032 1033 1034 1033 1032 1035 1036 1037 1038 1037 1036 1039 1040 1041 1042 1041 1040 1043 1044 1045 1046 1045 1044 1047 1048 1049 1050 1049 1048 1051 1052 1053 1054 1053 1052 1055 1056 1057 1058 1057 1056 1059 1060 1061 1062 1061 1060 1063 1064 1065 1066 1065 1064 1067 1068 1069 1070 1069 1068 1071 1072 1073 1074 1073 1072 1075 1076 1077 1078 1077 1076 1079 1080 1081 1082 1080 1082 1083 1084 1085 1086 1084 1086 1087 1087 1086 1088 1087 1088 1089 1089 1088 1090 1089 1090 1091 1091 1090 1092 1091 1092 1093 1093 1092 1094 1093 1094 1095 1095 1094 1096 1095 1096 1097 1097 1096 1098 1097 1098 1099 1099 1098 1100 1099 1100 1101 1101 1100 1102 1101 1102 1103 1103 1102 1104 1103 1104 1105 1105 1104 1106 1105 1106 1107 1107 1106 1108 1107 1108 1109 1109 1108 1110 1109 1110 1111 1111 1110 1081 1111 1081 1080 1112 1113 1114 1115 1114 1113 1116 1117 1118 1119 1118 1117 1120 1121 1122 1120 1122 1123 1123 1122 1124 1123 1124 1125 1125 1124 1126 1125 1126 1127 1127 1126 1128 1127 1128 1129 1129 1128 1130 1129 1130 1131 1131 1130 1132 1131 1132 1133 1133 1132 1134 1133 1134 1135 1135 1134 1136 1135 1136 1137 1137 1136 1138 1137 1138 1139 1139 1138 1140 1139 1140 1141 1141 1140 1142 1141 1142 1143 1143 1142 1144 1143 1144 1145 1145 1144 1146 1145 1146 1147 1147 1146 1121 1147 1121 1120 