Indexed mesh of 148 triangles 
Vertex Count: 250
Index Count: 444
Material Count: 3
Texture Count: 3
Scale in meters: 1
Has transparencies: 0

Texture 0: models\iss_parts\textures\ISS_DCS.BMP
Texture 1: models\iss_parts\textures\ISSMOD.BMP
Texture 2: models\iss_parts\textures\ISSPANEL.BMP

Group name: iss_issb3_.000
Material name: iss_dcs_with_Tex
Material Start: 0
Material Size: 84
Material Filename: 0
Light Map: 0
Ilumination: 0
Diffuse color: 1 1 1
Specular power: 88.2353
Transparency: 1

Group name: iss_issb3_.000
Material name: isspanel_with_Te
Material Start: 84
Material Size: 90
Material Filename: 2
Light Map: 0
Ilumination: 0
Diffuse color: 1 1 1
Specular power: 88.2353
Transparency: 1

Group name: iss_issb3_.000
Material name: issmod_with_Tex:
Material Start: 174
Material Size: 270
Material Filename: 1
Light Map: 0
Ilumination: 0
Diffuse color: 1 1 1
Specular power: 88.2353
Transparency: 1

Vertex format {	3Dvector POSITION; 2Dvector TEXTURE; 3Dvector NORMAL }

Vertices:

0.192888 1.443450 0.003607 0.000499 0.500000 0.999999 0.001053 -0.000078
0.193078 1.263542 0.003240 0.999500 0.500000 0.999999 0.001055 -0.000080
0.173630 1.263605 -0.089709 0.999500 0.353224 0.913668 0.001769 -0.406458
0.173441 1.443513 -0.089356 0.000499 0.353224 0.913674 0.001761 -0.406445
0.119170 1.263568 -0.164262 0.999500 0.235519 0.653262 0.002209 -0.757129
0.118980 1.443475 -0.163896 0.000499 0.235519 0.653229 0.002232 -0.757157
0.040470 1.263441 -0.205623 0.999501 0.170197 0.465213 0.002295 -0.885196
0.040267 1.443336 -0.205268 0.000500 0.170197 0.465261 0.002268 -0.885171
0.040267 1.443336 -0.205268 0.000500 0.170197 -0.000005 0.001971 -0.999998
0.040470 1.263441 -0.205623 0.999501 0.170197 -0.000005 0.001971 -0.999998
-0.046879 1.263226 -0.205623 0.999501 0.170197 -0.000005 0.001971 -0.999998
-0.047081 1.443133 -0.205268 0.000500 0.170197 -0.000005 0.001970 -0.999998
-0.047081 1.443133 -0.205268 0.000500 0.170197 -0.465411 0.001268 -0.885094
-0.046879 1.263226 -0.205623 0.999501 0.170197 -0.465326 0.001220 -0.885139
-0.125579 1.262998 -0.164250 0.999500 0.235519 -0.593050 0.000985 -0.805165
-0.125769 1.442893 -0.163883 0.000499 0.235519 -0.653384 0.000856 -0.757026
-0.180039 1.262771 -0.089697 0.999500 0.353224 -0.913702 -0.000134 -0.406385
-0.180229 1.442678 -0.089330 0.000499 0.353224 -0.913701 -0.000135 -0.406386
-0.199474 1.262619 0.003266 0.999500 0.500000 -0.999999 -0.001055 0.000065
-0.199664 1.442527 0.003632 0.000499 0.500000 -0.999999 -0.001056 0.000063
-0.180027 1.262555 0.096229 0.999501 0.646776 -0.913674 -0.001793 0.406444
-0.180217 1.442451 0.096596 0.000500 0.646776 -0.913674 -0.001793 0.406444
-0.125567 1.262593 0.170782 0.999501 0.764481 -0.653258 -0.002199 0.757132
-0.125756 1.442489 0.171136 0.000500 0.764481 -0.592936 -0.002230 0.805246
-0.046866 1.262720 0.212142 0.999501 0.829803 -0.465264 -0.002263 0.885169
-0.047056 1.442628 0.212509 0.000500 0.829803 -0.465323 -0.002296 0.885138
-0.047056 1.442628 0.212509 0.000500 0.829803 0.000076 -0.002005 0.999998
-0.046866 1.262720 0.212142 0.999501 0.829803 0.000005 -0.002040 0.999998
0.040495 1.262935 0.212142 0.999501 0.829803 0.000076 -0.002005 0.999998
0.040293 1.442830 0.212497 0.000500 0.829803 0.000148 -0.001970 0.999998
0.040293 1.442830 0.212497 0.000500 0.829803 0.465412 -0.001267 0.885093
0.040495 1.262935 0.212142 0.999501 0.829803 0.465494 -0.001221 0.885050
0.119183 1.263163 0.170757 0.999501 0.764481 0.593051 -0.000984 0.805164
0.118993 1.443070 0.171123 0.000500 0.764481 0.653313 -0.000854 0.757087
0.173643 1.263390 0.096203 0.999501 0.646776 0.913702 0.000136 0.406385
0.173453 1.443285 0.096571 0.000500 0.646776 0.913702 0.000136 0.406384
-0.166598 -1.088645 -0.462927 0.105032 0.000816 -0.392403 0.000535 -0.919793
-0.166826 0.982984 -0.461626 0.103305 0.998965 -0.392403 0.000535 -0.919793
0.019809 0.983097 -0.495728 -0.014269 0.998806 0.047157 0.000633 -0.998887
0.020036 -1.088532 -0.497030 -0.012806 0.000657 0.047157 0.000633 -0.998887
0.020036 -1.088532 -0.497030 1.737194 0.000657 0.047157 0.000633 -0.998887
0.019809 0.983097 -0.495728 1.735731 0.998806 0.047157 0.000633 -0.998887
0.203004 0.983136 -0.444024 1.618542 0.998694 0.475065 0.000605 -0.879950
0.203231 -1.088494 -0.445326 1.619484 0.000545 0.475065 0.000605 -0.879950
0.351097 0.983097 -0.315441 1.501923 0.998648 0.795822 0.000468 -0.605530
0.351325 -1.088532 -0.316743 1.502185 0.000499 0.795822 0.000468 -0.605531
0.438484 0.982984 -0.132234 1.385882 0.998677 0.968781 0.000262 -0.247917
0.438711 -1.088645 -0.133536 1.385428 0.000528 0.968782 0.000262 -0.247916
0.450041 0.982819 0.073950 1.270243 0.998774 0.990634 0.000023 0.136546
0.450269 -1.088810 0.072648 1.269157 0.000625 0.990634 0.000023 0.136545
0.383784 0.982630 0.267425 1.154721 0.998924 0.862095 -0.000224 0.506746
0.384011 -1.088999 0.266122 1.153190 0.000775 0.862095 -0.000224 0.506747
0.251167 0.982440 0.414760 1.039041 0.999100 0.582698 -0.000447 0.812689
0.251395 -1.089188 0.413457 1.037323 0.000951 0.582697 -0.000447 0.812689
0.075116 0.982301 0.490475 0.923031 0.999273 0.178363 -0.000599 0.983965
0.075343 -1.089328 0.489173 0.921418 0.001123 0.178365 -0.000599 0.983964
-0.113933 0.982225 0.481485 0.806660 0.999411 -0.269587 -0.000635 0.962976
-0.113706 -1.089404 0.480183 0.805428 0.001262 -0.269587 -0.000635 0.962976
-0.283282 0.982213 0.389319 0.689984 0.999492 -0.652729 -0.000548 0.757591
-0.283055 -1.089417 0.388016 0.689348 0.001343 -0.652729 -0.000548 0.757591
-0.403647 0.982288 0.229946 0.573072 0.999500 -0.901385 -0.000371 0.433017
-0.403419 -1.089328 0.228644 0.573144 0.001352 -0.901385 -0.000371 0.433017
-0.454225 0.982440 0.030894 0.455943 0.999436 -0.998409 -0.000145 0.056381
-0.453998 -1.089189 0.029593 0.456717 0.001287 -0.998409 -0.000145 0.056381
-0.426268 0.982617 -0.173392 0.338580 0.999310 -0.945354 0.000101 -0.326047
-0.426040 -1.089012 -0.174694 0.339926 0.001161 -0.945354 0.000101 -0.326047
-0.324605 0.982807 -0.347609 0.220996 0.999143 -0.740734 0.000341 -0.671798
-0.324377 -1.088822 -0.348911 0.222681 0.000994 -0.740734 0.000341 -0.671798
0.000235 -1.368483 -0.000805 0.000000 1.000000 0.000409 -1.000000 -0.000817
-0.071966 -1.368356 -0.200855 0.000000 0.000000 0.000427 -1.000000 -0.000786
0.008808 -1.368306 -0.215612 1.000000 0.000000 0.000510 -1.000000 -0.000804
0.008808 -1.368306 -0.215612 0.000000 0.000000 0.000510 -1.000000 -0.000804
0.088102 -1.368281 -0.193231 1.000000 0.000000 0.000458 -1.000000 -0.000841
0.088102 -1.368281 -0.193231 0.000000 0.000000 0.000458 -1.000000 -0.000841
0.152210 -1.368306 -0.137582 1.000000 0.000000 0.000394 -1.000000 -0.000857
0.152210 -1.368306 -0.137582 0.000000 0.000000 0.000394 -1.000000 -0.000857
0.190030 -1.368356 -0.058275 1.000000 0.000000 0.000429 -1.000000 -0.000785
0.190030 -1.368356 -0.058275 0.000000 0.000000 0.000429 -1.000000 -0.000785
0.195038 -1.368419 0.030971 1.000000 0.000000 0.000457 -1.000000 -0.000816
0.195038 -1.368419 0.030971 0.000000 0.000000 0.000457 -1.000000 -0.000816
0.166359 -1.368508 0.114716 1.000000 0.000000 0.000441 -1.000000 -0.000855
0.166359 -1.368508 0.114716 0.000000 0.000000 0.000441 -1.000000 -0.000855
0.108953 -1.368584 0.178496 1.000000 0.000000 0.000440 -1.000000 -0.000830
0.108953 -1.368584 0.178496 0.000000 0.000000 0.000440 -1.000000 -0.000830
0.032744 -1.368647 0.211257 1.000000 0.000000 0.000487 -1.000000 -0.000850
0.032744 -1.368647 0.211257 0.000000 0.000000 0.000487 -1.000000 -0.000850
-0.049079 -1.368685 0.207363 1.000000 0.000000 0.000487 -1.000000 -0.000857
-0.049079 -1.368685 0.207363 0.000000 0.000000 0.000487 -1.000000 -0.000857
-0.122380 -1.368685 0.167482 1.000000 0.000000 0.000454 -1.000000 -0.000872
-0.122380 -1.368685 0.167482 0.000000 0.000000 0.000454 -1.000000 -0.000872
-0.174476 -1.368647 0.098493 1.000000 0.000000 0.000448 -1.000000 -0.000868
-0.174476 -1.368647 0.098493 0.000000 0.000000 0.000448 -1.000000 -0.000868
-0.196376 -1.368584 0.012333 1.000000 0.000000 0.000459 -1.000000 -0.000822
-0.196376 -1.368584 0.012333 0.000000 0.000000 0.000459 -1.000000 -0.000822
-0.184276 -1.368508 -0.076091 1.000000 0.000000 0.000480 -1.000000 -0.000837
-0.184276 -1.368508 -0.076091 0.000000 0.000000 0.000480 -1.000000 -0.000837
-0.140272 -1.368419 -0.151504 1.000000 0.000000 0.000437 -1.000000 -0.000825
-0.140272 -1.368419 -0.151504 0.000000 0.000000 0.000437 -1.000000 -0.000825
-0.071966 -1.368356 -0.200855 1.000000 0.000000 0.000427 -1.000000 -0.000786
-0.071966 -1.368356 -0.200855 0.000000 1.000000 -0.278688 -0.705157 -0.651987
-0.166598 -1.088645 -0.462927 0.000000 0.000000 -0.278661 -0.705162 -0.651993
0.020036 -1.088532 -0.497030 1.000000 0.000000 0.033652 -0.709442 -0.703960
0.008808 -1.368306 -0.215612 1.000000 1.000000 0.033673 -0.709445 -0.703956
0.008808 -1.368306 -0.215612 0.000000 1.000000 0.033673 -0.709445 -0.703956
0.020036 -1.088532 -0.497030 0.000000 0.000000 0.033652 -0.709442 -0.703960
0.203231 -1.088494 -0.445326 1.000000 0.000000 0.338913 -0.702904 -0.625351
0.088102 -1.368281 -0.193231 1.000000 1.000000 0.385772 -0.700100 -0.600866
0.088102 -1.368281 -0.193231 0.000000 1.000000 0.385772 -0.700100 -0.600866
0.203231 -1.088494 -0.445326 0.000000 0.000000 0.338913 -0.702904 -0.625351
0.351325 -1.088532 -0.316743 1.000000 0.000000 0.543718 -0.691524 -0.475569
0.152210 -1.368306 -0.137582 1.000000 1.000000 0.576335 -0.690292 -0.437419
0.152210 -1.368306 -0.137582 0.000000 1.000000 0.576335 -0.690292 -0.437419
0.351325 -1.088532 -0.316743 0.000000 0.000000 0.543718 -0.691524 -0.475569
0.438711 -1.088645 -0.133522 1.000000 0.000000 0.710148 -0.680223 -0.181621
0.190030 -1.368356 -0.058275 1.000000 1.000000 0.710150 -0.680225 -0.181607
0.190030 -1.368356 -0.058275 0.000000 1.000000 0.710150 -0.680225 -0.181607
0.438711 -1.088645 -0.133522 0.000000 0.000000 0.710148 -0.680223 -0.181621
0.450269 -1.088810 0.072648 1.000000 0.000000 0.727499 -0.678877 0.099360
0.195038 -1.368419 0.030971 1.000000 1.000000 0.727495 -0.678878 0.099370
0.195038 -1.368419 0.030971 0.000000 1.000000 0.727495 -0.678878 0.099370
0.450269 -1.088810 0.072648 0.000000 0.000000 0.727499 -0.678877 0.099360
0.384011 -1.088999 0.266135 1.000000 0.000000 0.627245 -0.687092 0.366700
0.166359 -1.368508 0.114716 1.000000 1.000000 0.627262 -0.687087 0.366681
0.166359 -1.368508 0.114716 0.000000 1.000000 0.627262 -0.687087 0.366681
0.384011 -1.088999 0.266135 0.000000 0.000000 0.627245 -0.687092 0.366700
0.251395 -1.089188 0.413470 1.000000 0.000000 0.417601 -0.700054 0.579253
0.108953 -1.368584 0.178496 1.000000 1.000000 0.417580 -0.700058 0.579263
0.108953 -1.368584 0.178496 0.000000 1.000000 0.417580 -0.700058 0.579263
0.251395 -1.089188 0.413470 0.000000 0.000000 0.417601 -0.700054 0.579253
0.075331 -1.089328 0.489186 1.000000 0.000000 0.126585 -0.709293 0.693455
0.032744 -1.368647 0.211257 1.000000 1.000000 0.126550 -0.709298 0.693456
0.032744 -1.368647 0.211257 0.000000 1.000000 0.126550 -0.709298 0.693456
0.075331 -1.089328 0.489186 0.000000 0.000000 0.126585 -0.709293 0.693455
-0.113706 -1.089404 0.480183 1.000000 0.000000 -0.190908 -0.708186 0.679725
-0.049079 -1.368685 0.207363 1.000000 1.000000 -0.190876 -0.708182 0.679739
-0.049079 -1.368685 0.207363 0.000000 1.000000 -0.190876 -0.708182 0.679739
-0.113706 -1.089404 0.480183 0.000000 0.000000 -0.190908 -0.708186 0.679725
-0.283055 -1.089417 0.388016 1.000000 0.000000 -0.468752 -0.697605 0.541867
-0.122380 -1.368685 0.167482 1.000000 1.000000 -0.468735 -0.697602 0.541884
-0.122380 -1.368685 0.167482 0.000000 1.000000 -0.468735 -0.697602 0.541884
-0.283055 -1.089417 0.388016 0.000000 0.000000 -0.468752 -0.697605 0.541867
-0.403419 -1.089328 0.228644 1.000000 0.000000 -0.657197 -0.685087 0.314242
-0.174476 -1.368647 0.098493 1.000000 1.000000 -0.657205 -0.685090 0.314219
-0.174476 -1.368647 0.098493 0.000000 1.000000 -0.657205 -0.685090 0.314219
-0.403419 -1.089328 0.228644 0.000000 0.000000 -0.657197 -0.685087 0.314242
-0.453998 -1.089189 0.029593 1.000000 0.000000 -0.733302 -0.678680 0.040756
-0.196376 -1.368584 0.012333 1.000000 1.000000 -0.733304 -0.678677 0.040774
-0.196376 -1.368584 0.012333 0.000000 1.000000 -0.733304 -0.678677 0.040774
-0.453998 -1.089189 0.029593 0.000000 0.000000 -0.733302 -0.678680 0.040756
-0.426040 -1.089012 -0.174694 1.000000 0.000000 -0.691343 -0.682091 -0.238321
-0.184276 -1.368508 -0.076091 1.000000 1.000000 -0.691347 -0.682089 -0.238314
-0.184276 -1.368508 -0.076091 0.000000 1.000000 -0.691347 -0.682089 -0.238314
-0.426040 -1.089012 -0.174694 0.000000 0.000000 -0.691343 -0.682091 -0.238321
-0.324377 -1.088822 -0.348911 1.000000 0.000000 -0.534248 -0.693277 -0.483680
-0.140272 -1.368419 -0.151504 1.000000 1.000000 -0.534234 -0.693280 -0.483690
-0.140272 -1.368419 -0.151504 0.000000 1.000000 -0.534234 -0.693280 -0.483690
-0.324377 -1.088822 -0.348911 0.000000 0.000000 -0.534248 -0.693277 -0.483680
-0.166598 -1.088645 -0.462927 1.000000 0.000000 -0.278661 -0.705162 -0.651993
-0.071966 -1.368356 -0.200855 1.000000 1.000000 -0.278688 -0.705157 -0.651987
-0.166813 0.982984 -0.461626 0.000000 1.000000 -0.307226 0.626112 -0.716656
-0.082714 1.291107 -0.228484 0.000000 0.000000 -0.307194 0.626096 -0.716683
0.009782 1.291171 -0.245391 1.000000 0.000000 0.036429 0.630946 -0.774971
0.019809 0.983097 -0.495728 1.000000 1.000000 0.036468 0.630931 -0.774982
0.019809 0.983097 -0.495728 0.000000 1.000000 0.036468 0.630931 -0.774982
0.009782 1.291171 -0.245391 0.000000 0.000000 0.036429 0.630946 -0.774971
0.100595 1.291183 -0.219760 1.000000 0.000000 0.372099 0.623965 -0.687175
0.203004 0.983136 -0.444024 1.000000 1.000000 0.372077 0.623974 -0.687179
0.203004 0.983136 -0.444024 0.000000 1.000000 0.372077 0.623974 -0.687179
0.100595 1.291183 -0.219760 0.000000 0.000000 0.372099 0.623965 -0.687175
0.173997 1.291171 -0.156030 1.000000 0.000000 0.631100 0.610469 -0.478581
0.351110 0.983097 -0.315441 1.000000 1.000000 0.631110 0.610464 -0.478575
0.351110 0.983097 -0.315441 0.000000 1.000000 0.631110 0.610464 -0.478575
0.173997 1.291171 -0.156030 0.000000 0.000000 0.631100 0.610469 -0.478581
0.217305 1.291107 -0.065217 1.000000 0.000000 0.775521 0.599629 -0.197514
0.438484 0.982984 -0.132234 1.000000 1.000000 0.775504 0.599643 -0.197539
0.438484 0.982984 -0.132234 0.000000 1.000000 0.775504 0.599643 -0.197539
0.217305 1.291107 -0.065217 0.000000 0.000000 0.775521 0.599629 -0.197514
0.223032 1.291031 0.036977 1.000000 0.000000 0.793983 0.597963 0.109688
0.450041 0.982819 0.073950 1.000000 1.000000 0.793985 0.597957 0.109703
0.450041 0.982819 0.073950 0.000000 1.000000 0.793985 0.597957 0.109703
0.223032 1.291031 0.036977 0.000000 0.000000 0.793983 0.597963 0.109688
0.190194 1.290931 0.132873 1.000000 0.000000 0.685712 0.606321 0.402708
0.383784 0.982630 0.267425 1.000000 1.000000 0.685714 0.606325 0.402699
0.383784 0.982630 0.267425 0.000000 1.000000 0.685714 0.606325 0.402699
0.190194 1.290931 0.132873 0.000000 0.000000 0.685712 0.606321 0.402708
0.124456 1.290842 0.205896 1.000000 0.000000 0.457718 0.619775 0.637474
0.251167 0.982440 0.414760 1.000000 1.000000 0.457730 0.619782 0.637459
0.251167 0.982440 0.414760 0.000000 1.000000 0.457730 0.619782 0.637459
0.124456 1.290842 0.205896 0.000000 0.000000 0.457718 0.619775 0.637474
0.037195 1.290766 0.243425 1.000000 0.000000 0.138626 0.629407 0.764611
0.075116 0.982301 0.490475 1.000000 1.000000 0.138642 0.629414 0.764602
0.075116 0.982301 0.490475 0.000000 1.000000 0.138642 0.629414 0.764602
0.037195 1.290766 0.243425 0.000000 0.000000 0.138626 0.629407 0.764611
-0.056502 1.290728 0.238961 1.000000 0.000000 -0.210514 0.628073 0.749138
-0.113933 0.982225 0.481472 1.000000 1.000000 -0.210506 0.628077 0.749138
-0.113933 0.982225 0.481472 0.000000 1.000000 -0.210506 0.628077 0.749138
-0.056502 1.290728 0.238961 0.000000 0.000000 -0.210514 0.628073 0.749138
-0.140436 1.290728 0.193289 1.000000 0.000000 -0.514550 0.616758 0.595691
-0.283282 0.982213 0.389319 1.000000 1.000000 -0.514575 0.616747 0.595681
-0.283282 0.982213 0.389319 0.000000 1.000000 -0.514575 0.616747 0.595681
-0.140436 1.290728 0.193289 0.000000 0.000000 -0.514550 0.616758 0.595691
-0.200094 1.290766 0.114286 1.000000 0.000000 -0.718853 0.603613 0.344822
-0.403647 0.982288 0.229946 1.000000 1.000000 -0.718833 0.603625 0.344842
-0.403647 0.982288 0.229946 0.000000 1.000000 -0.718833 0.603625 0.344842
-0.200094 1.290766 0.114286 0.000000 0.000000 -0.718853 0.603613 0.344822
-0.225168 1.290842 0.015633 1.000000 0.000000 -0.800869 0.597100 0.045620
-0.454225 0.982440 0.030894 1.000000 1.000000 -0.800879 0.597088 0.045594
-0.454225 0.982440 0.030894 0.000000 1.000000 -0.800879 0.597088 0.045594
-0.225168 1.290842 0.015633 0.000000 0.000000 -0.800869 0.597100 0.045620
-0.211310 1.290931 -0.085625 1.000000 0.000000 -0.755990 0.600950 -0.259495
-0.426268 0.982617 -0.173392 1.000000 1.000000 -0.755990 0.600950 -0.259495
-0.426268 0.982617 -0.173392 0.000000 1.000000 -0.755990 0.600950 -0.259495
-0.211310 1.290931 -0.085625 0.000000 0.000000 -0.755990 0.600950 -0.259495
-0.160920 1.291031 -0.171976 1.000000 0.000000 -0.586268 0.613094 -0.529534
-0.324605 0.982807 -0.347609 1.000000 1.000000 -0.586260 0.613087 -0.529550
-0.324605 0.982807 -0.347609 0.000000 1.000000 -0.586260 0.613087 -0.529550
-0.160920 1.291031 -0.171976 0.000000 0.000000 -0.586268 0.613094 -0.529534
-0.082714 1.291107 -0.228484 1.000000 0.000000 -0.307194 0.626096 -0.716683
-0.166813 0.982984 -0.461626 1.000000 1.000000 -0.307226 0.626112 -0.716656
-0.000044 1.290955 0.000585 1.000000 0.000000 -0.000455 1.000000 0.000856
0.009782 1.291171 -0.245391 1.000000 1.000000 -0.000455 1.000000 0.000856
-0.082714 1.291107 -0.228484 0.000000 1.000000 -0.000461 1.000000 0.000828
0.100595 1.291183 -0.219760 1.000000 1.000000 -0.000450 1.000000 0.000827
0.009782 1.291171 -0.245391 0.000000 1.000000 -0.000455 1.000000 0.000856
0.173997 1.291171 -0.156030 1.000000 1.000000 -0.000472 1.000000 0.000848
0.100595 1.291183 -0.219760 0.000000 1.000000 -0.000450 1.000000 0.000827
0.217305 1.291107 -0.065217 1.000000 1.000000 -0.000444 1.000000 0.000836
0.173997 1.291171 -0.156030 0.000000 1.000000 -0.000472 1.000000 0.000848
0.223032 1.291031 0.036977 1.000000 1.000000 -0.000473 1.000000 0.000826
0.217305 1.291107 -0.065217 0.000000 1.000000 -0.000444 1.000000 0.000836
0.190194 1.290931 0.132873 1.000000 1.000000 -0.000461 1.000000 0.000853
0.223032 1.291031 0.036977 0.000000 1.000000 -0.000473 1.000000 0.000826
0.124456 1.290842 0.205896 1.000000 1.000000 -0.000469 1.000000 0.000839
0.190194 1.290931 0.132873 0.000000 1.000000 -0.000461 1.000000 0.000853
0.037195 1.290766 0.243425 1.000000 1.000000 -0.000471 1.000000 0.000853
0.124456 1.290842 0.205896 0.000000 1.000000 -0.000469 1.000000 0.000839
-0.056502 1.290728 0.238961 1.000000 1.000000 -0.000453 1.000000 0.000847
0.037195 1.290766 0.243425 0.000000 1.000000 -0.000471 1.000000 0.000853
-0.140436 1.290728 0.193289 1.000000 1.000000 -0.000466 1.000000 0.000841
-0.056502 1.290728 0.238961 0.000000 1.000000 -0.000453 1.000000 0.000847
-0.200094 1.290766 0.114286 1.000000 1.000000 -0.000460 1.000000 0.000858
-0.140436 1.290728 0.193289 0.000000 1.000000 -0.000466 1.000000 0.000841
-0.225168 1.290842 0.015633 1.000000 1.000000 -0.000450 1.000000 0.000848
-0.200094 1.290766 0.114286 0.000000 1.000000 -0.000460 1.000000 0.000858
-0.211310 1.290931 -0.085625 1.000000 1.000000 -0.000465 1.000000 0.000851
-0.225168 1.290842 0.015633 0.000000 1.000000 -0.000450 1.000000 0.000848
-0.160920 1.291031 -0.171976 1.000000 1.000000 -0.000435 1.000000 0.000844
-0.211310 1.290931 -0.085625 0.000000 1.000000 -0.000465 1.000000 0.000851
-0.082714 1.291107 -0.228484 1.000000 1.000000 -0.000461 1.000000 0.000828
-0.160920 1.291031 -0.171976 0.000000 1.000000 -0.000435 1.000000 0.000844

Indices: 
0 1 2 0 2 3 3 2 4 3 4 5 5 4 6 5 6 7 8 9 10 8 10 11 12 13 14 12 14 15 15 14 16 15 16 17 17 16 18 17 18 19 19 18 20 19 20 21 21 20 22 21 22 23 23 22 24 23 24 25 26 27 28 26 28 29 30 31 32 30 32 33 33 32 34 33 34 35 35 34 1 35 1 0 36 37 38 36 38 39 40 41 42 40 42 43 43 42 44 43 44 45 45 44 46 45 46 47 47 46 48 47 48 49 49 48 50 49 50 51 51 50 52 51 52 53 53 52 54 53 54 55 55 54 56 55 56 57 57 56 58 57 58 59 59 58 60 59 60 61 61 60 62 61 62 63 63 62 64 63 64 65 65 64 66 65 66 67 67 66 37 67 37 36 68 69 70 68 71 72 68 73 74 68 75 76 68 77 78 68 79 80 68 81 82 68 83 84 68 85 86 68 87 88 68 89 90 68 91 92 68 93 94 68 95 96 68 97 98 99 100 101 99 101 102 103 104 105 103 105 106 107 108 109 107 109 110 111 112 113 111 113 114 115 116 117 115 117 118 119 120 121 119 121 122 123 124 125 123 125 126 127 128 129 127 129 130 131 132 133 131 133 134 135 136 137 135 137 138 139 140 141 139 141 142 143 144 145 143 145 146 147 148 149 147 149 150 151 152 153 151 153 154 155 156 157 155 157 158 159 160 161 159 161 162 163 164 165 163 165 166 167 168 169 167 169 170 171 172 173 171 173 174 175 176 177 175 177 178 179 180 181 179 181 182 183 184 185 183 185 186 187 188 189 187 189 190 191 192 193 191 193 194 195 196 197 195 197 198 199 200 201 199 201 202 203 204 205 203 205 206 207 208 209 207 209 210 211 212 213 211 213 214 215 216 217 215 217 218 219 220 221 219 222 223 219 224 225 219 226 227 219 228 229 219 230 231 219 232 233 219 234 235 219 236 237 219 238 239 219 240 241 219 242 243 219 244 245 219 246 247 219 248 249 