Indexed mesh of 466 triangles 
Vertex Count: 791
Index Count: 1398
Material Count: 6
Texture Count: 6
Scale in meters: 1
Has transparencies: 0

Texture 0: models\iss_parts\textures\D_RING.BMP
Texture 1: models\iss_parts\textures\ISS_DC.BMP
Texture 2: models\iss_parts\textures\ISS_DCS.BMP
Texture 3: models\iss_parts\textures\ISSBS.BMP
Texture 4: models\iss_parts\textures\ISSMOD.BMP
Texture 5: models\iss_parts\textures\ISSPANEL.BMP

Group name: iss_iss_dc.001
Material name: iss_dc_with_Tex:
Material Start: 0
Material Size: 180
Material Filename: 1
Light Map: 0
Ilumination: 0
Diffuse color: 1 1 1
Specular power: 88.2353
Transparency: 1

Group name: iss_iss_dc.001
Material name: iss_dcs_with_Tex
Material Start: 180
Material Size: 84
Material Filename: 2
Light Map: 0
Ilumination: 0
Diffuse color: 1 1 1
Specular power: 88.2353
Transparency: 1

Group name: iss_iss_dc.001
Material name: isspanel_with_Te
Material Start: 264
Material Size: 90
Material Filename: 5
Light Map: 0
Ilumination: 0
Diffuse color: 1 1 1
Specular power: 88.2353
Transparency: 1

Group name: iss_iss_dc.001
Material name: issmod_with_Tex:
Material Start: 354
Material Size: 738
Material Filename: 4
Light Map: 0
Ilumination: 0
Diffuse color: 1 1 1
Specular power: 88.2353
Transparency: 1

Group name: iss_iss_dc.001
Material name: issbs_with_Tex:
Material Start: 1092
Material Size: 36
Material Filename: 3
Light Map: 0
Ilumination: 0
Diffuse color: 1 1 1
Specular power: 88.2353
Transparency: 1

Group name: iss_iss_dc.001
Material name: d_ring_with_Tex:
Material Start: 1128
Material Size: 270
Material Filename: 0
Light Map: 0
Ilumination: 0
Diffuse color: 1 1 1
Specular power: 88.2353
Transparency: 1

Vertex format {	3Dvector POSITION; 2Dvector TEXTURE; 3Dvector NORMAL }

Vertices:

-0.298043 -0.854254 0.022318 1.000000 1.000000 -0.932624 -0.007429 0.360773
-0.296670 -1.021445 0.022425 1.000000 0.000000 -0.932624 -0.007429 0.360773
-0.230062 -1.020797 0.194625 0.000000 0.000000 -0.932624 -0.007429 0.360773
-0.231435 -0.853595 0.194527 0.000000 1.000000 -0.932631 -0.007449 0.360756
-0.231435 -0.853595 0.194527 1.000000 1.000000 -0.542504 -0.003968 0.840044
-0.230062 -1.020797 0.194625 1.000000 0.000000 -0.542504 -0.003968 0.840044
-0.074966 -1.019463 0.294793 0.000000 0.000000 -0.542504 -0.003968 0.840044
-0.076339 -0.852262 0.294696 0.000000 1.000000 -0.542504 -0.003968 0.840044
-0.076339 -0.852262 0.294696 1.000000 1.000000 0.054874 0.001030 0.998493
-0.074966 -1.019463 0.294793 1.000000 0.000000 0.054874 0.001030 0.998493
0.109388 -1.017955 0.284660 0.000000 0.000000 0.054874 0.001030 0.998493
0.108015 -0.850753 0.284563 0.000000 1.000000 0.054871 0.001027 0.998493
0.108015 -0.850753 0.284563 1.000000 1.000000 0.631272 0.005631 0.775541
0.109388 -1.017955 0.284660 1.000000 0.000000 0.631272 0.005631 0.775541
0.252572 -1.016852 0.168103 0.000000 0.000000 0.631272 0.005631 0.775541
0.251198 -0.849651 0.167997 0.000000 1.000000 0.631303 0.005676 0.775516
0.251198 -0.849651 0.167997 1.000000 1.000000 0.966540 0.008099 0.256388
0.252572 -1.016852 0.168103 1.000000 0.000000 0.966540 0.008099 0.256388
0.299910 -1.016572 -0.010362 0.000000 0.000000 0.966540 0.008099 0.256388
0.298536 -0.849371 -0.010469 0.000000 1.000000 0.966540 0.008100 0.256388
0.298536 -0.849371 -0.010469 1.000000 1.000000 0.932624 0.007429 -0.360773
0.299910 -1.016572 -0.010362 1.000000 0.000000 0.932624 0.007429 -0.360773
0.233301 -1.017219 -0.182562 0.000000 0.000000 0.932624 0.007429 -0.360773
0.231929 -0.850028 -0.182669 0.000000 1.000000 0.932625 0.007426 -0.360771
0.231929 -0.850028 -0.182669 1.000000 1.000000 0.542504 0.003918 -0.840044
0.233301 -1.017219 -0.182562 1.000000 0.000000 0.542504 0.003918 -0.840044
0.078205 -1.018554 -0.282730 0.000000 0.000000 0.542504 0.003918 -0.840044
0.076833 -0.851363 -0.282836 0.000000 1.000000 0.542504 0.003918 -0.840044
0.076833 -0.851363 -0.282836 1.000000 1.000000 -0.054871 -0.001086 -0.998493
0.078205 -1.018554 -0.282730 1.000000 0.000000 -0.054871 -0.001086 -0.998493
-0.106148 -1.020063 -0.272597 0.000000 0.000000 -0.054871 -0.001086 -0.998493
-0.107521 -0.852871 -0.272703 0.000000 1.000000 -0.054873 -0.001084 -0.998493
-0.107521 -0.852871 -0.272703 1.000000 1.000000 -0.631272 -0.005676 -0.775541
-0.106148 -1.020063 -0.272597 1.000000 0.000000 -0.631272 -0.005676 -0.775541
-0.249332 -1.021175 -0.156041 0.000000 0.000000 -0.631272 -0.005676 -0.775541
-0.250705 -0.853973 -0.156147 0.000000 1.000000 -0.631272 -0.005675 -0.775541
-0.250705 -0.853973 -0.156147 1.000000 1.000000 -0.966540 -0.008099 -0.256387
-0.249332 -1.021175 -0.156041 1.000000 0.000000 -0.966540 -0.008099 -0.256387
-0.296670 -1.021445 0.022425 0.000000 0.000000 -0.966540 -0.008099 -0.256387
-0.298043 -0.854254 0.022318 0.000000 1.000000 -0.966540 -0.008101 -0.256388
0.000247 -1.017645 0.002468 0.000000 1.000000 -0.008185 0.999966 -0.000585
-0.321161 -1.020266 0.020133 0.000000 0.000000 -0.008186 0.999966 -0.000598
-0.249400 -1.019570 0.205685 1.000000 0.000000 -0.008202 0.999966 -0.000606
-0.249400 -1.019570 0.205685 0.000000 0.000000 -0.008202 0.999966 -0.000606
-0.082276 -1.018129 0.313617 1.000000 0.000000 -0.008214 0.999966 -0.000625
-0.082276 -1.018129 0.313617 0.000000 0.000000 -0.008214 0.999966 -0.000625
0.116368 -1.016504 0.302702 1.000000 0.000000 -0.008212 0.999966 -0.000622
0.116368 -1.016504 0.302702 0.000000 0.000000 -0.008212 0.999966 -0.000622
0.270652 -1.015315 0.177105 1.000000 0.000000 -0.008215 0.999966 -0.000621
0.270652 -1.015315 0.177105 0.000000 0.000000 -0.008215 0.999966 -0.000621
0.321655 -1.015016 -0.015187 1.000000 0.000000 -0.008215 0.999966 -0.000623
0.321655 -1.015016 -0.015187 0.000000 0.000000 -0.008215 0.999966 -0.000623
0.249893 -1.015721 -0.200739 1.000000 0.000000 -0.008199 0.999966 -0.000605
0.249893 -1.015721 -0.200739 0.000000 0.000000 -0.008199 0.999966 -0.000605
0.082769 -1.017152 -0.308671 1.000000 0.000000 -0.008197 0.999966 -0.000590
0.082769 -1.017152 -0.308671 0.000000 0.000000 -0.008197 0.999966 -0.000590
-0.115875 -1.018777 -0.297756 1.000000 0.000000 -0.008202 0.999966 -0.000596
-0.115875 -1.018777 -0.297756 0.000000 0.000000 -0.008202 0.999966 -0.000596
-0.270159 -1.019966 -0.172158 1.000000 0.000000 -0.008190 0.999966 -0.000605
-0.270159 -1.019966 -0.172158 0.000000 0.000000 -0.008190 0.999966 -0.000605
-0.321161 -1.020266 0.020133 1.000000 0.000000 -0.008186 0.999966 -0.000598
-0.321161 -1.020266 0.020133 0.000000 1.000000 -0.842414 -0.427951 0.327407
-0.243434 -1.314059 -0.163892 0.000000 0.000000 -0.842414 -0.427951 0.327407
-0.190691 -1.313547 -0.027515 1.000000 0.000000 -0.842414 -0.427951 0.327407
-0.249400 -1.019570 0.205685 1.000000 1.000000 -0.842415 -0.427951 0.327405
-0.249400 -1.019570 0.205685 1.000000 1.000000 -0.424835 -0.613153 0.666002
-0.190691 -1.313547 -0.027515 1.000000 0.000000 -0.424835 -0.613153 0.666002
-0.067860 -1.312483 0.051818 0.000000 0.000000 -0.424835 -0.613153 0.666002
-0.082276 -1.018129 0.313617 0.000000 1.000000 -0.424833 -0.613153 0.666003
-0.082276 -1.018129 0.313617 0.000000 1.000000 0.046483 -0.662588 0.747540
-0.067860 -1.312483 0.051818 0.000000 0.000000 0.046483 -0.662588 0.747540
0.078147 -1.311294 0.043792 1.000000 0.000000 0.046483 -0.662588 0.747540
0.116368 -1.016504 0.302702 1.000000 1.000000 0.046496 -0.662584 0.747543
0.116368 -1.016504 0.302702 0.000000 1.000000 0.505264 -0.605526 0.614855
0.078147 -1.311294 0.043792 0.000000 0.000000 0.505264 -0.605526 0.614855
0.191543 -1.310414 -0.048524 1.000000 0.000000 0.505264 -0.605526 0.614855
0.270652 -1.015315 0.177105 1.000000 1.000000 0.505211 -0.605557 0.614868
0.270652 -1.015315 0.177105 0.000000 1.000000 0.880052 -0.413907 0.232785
0.191543 -1.310414 -0.048524 0.000000 0.000000 0.880052 -0.413907 0.232785
0.229028 -1.310202 -0.189862 1.000000 0.000000 0.880052 -0.413907 0.232785
0.321655 -1.015016 -0.015187 1.000000 1.000000 0.880058 -0.413899 0.232778
0.321655 -1.015016 -0.015187 1.000000 1.000000 0.929854 -0.079157 -0.359313
0.229028 -1.310202 -0.189862 1.000000 0.000000 0.929854 -0.079157 -0.359313
0.176286 -1.310714 -0.326240 0.000000 0.000000 0.929854 -0.079157 -0.359313
0.249893 -1.015721 -0.200739 0.000000 1.000000 0.929854 -0.079158 -0.359313
0.249893 -1.015721 -0.200739 0.000000 1.000000 0.528248 0.217382 -0.820792
0.176286 -1.310714 -0.326240 0.000000 0.000000 0.528248 0.217382 -0.820792
0.053454 -1.311768 -0.405571 1.000000 0.000000 0.528248 0.217382 -0.820792
0.082769 -1.017152 -0.308671 1.000000 1.000000 0.528227 0.217401 -0.820800
0.082769 -1.017152 -0.308671 1.000000 1.000000 -0.054646 0.316872 -0.946893
0.053454 -1.311768 -0.405571 1.000000 0.000000 -0.054646 0.316872 -0.946893
-0.092553 -1.312967 -0.397546 0.000000 0.000000 -0.054646 0.316872 -0.946893
-0.115875 -1.018777 -0.297756 0.000000 1.000000 -0.054626 0.316861 -0.946898
-0.115875 -1.018777 -0.297756 0.000000 1.000000 -0.618499 0.208004 -0.757756
-0.092553 -1.312967 -0.397546 0.000000 0.000000 -0.618499 0.208004 -0.757756
-0.205949 -1.313837 -0.305229 1.000000 0.000000 -0.618499 0.208004 -0.757756
-0.270159 -1.019966 -0.172158 1.000000 1.000000 -0.618479 0.207998 -0.757773
-0.270159 -1.019966 -0.172158 1.000000 1.000000 -0.962209 -0.094614 -0.255347
-0.205949 -1.313837 -0.305229 1.000000 0.000000 -0.962209 -0.094614 -0.255347
-0.243434 -1.314059 -0.163892 0.000000 0.000000 -0.962209 -0.094614 -0.255347
-0.321161 -1.020266 0.020133 0.000000 1.000000 -0.962206 -0.094614 -0.255359
-0.007208 -1.312126 -0.176877 1.000000 0.000000 0.008219 -0.999966 0.000583
-0.190691 -1.313547 -0.027515 1.000000 1.000000 0.008236 -0.999966 0.000604
-0.243434 -1.314059 -0.163892 0.000000 1.000000 0.008219 -0.999966 0.000594
-0.067860 -1.312483 0.051818 1.000000 1.000000 0.008215 -0.999966 0.000616
-0.190691 -1.313547 -0.027515 0.000000 1.000000 0.008236 -0.999966 0.000604
0.078147 -1.311294 0.043792 1.000000 1.000000 0.008206 -0.999966 0.000594
-0.067860 -1.312483 0.051818 0.000000 1.000000 0.008215 -0.999966 0.000616
0.191543 -1.310414 -0.048524 1.000000 1.000000 0.008208 -0.999966 0.000625
0.078147 -1.311294 0.043792 0.000000 1.000000 0.008206 -0.999966 0.000594
0.229028 -1.310202 -0.189862 1.000000 1.000000 0.008179 -0.999966 0.000631
0.191543 -1.310414 -0.048524 0.000000 1.000000 0.008208 -0.999966 0.000625
0.176286 -1.310714 -0.326240 1.000000 1.000000 0.008182 -0.999966 0.000602
0.229028 -1.310202 -0.189862 0.000000 1.000000 0.008179 -0.999966 0.000631
0.053454 -1.311768 -0.405571 1.000000 1.000000 0.008217 -0.999966 0.000616
0.176286 -1.310714 -0.326240 0.000000 1.000000 0.008182 -0.999966 0.000602
-0.092553 -1.312967 -0.397546 1.000000 1.000000 0.008221 -0.999966 0.000634
0.053454 -1.311768 -0.405571 0.000000 1.000000 0.008217 -0.999966 0.000616
-0.205949 -1.313837 -0.305229 1.000000 1.000000 0.008208 -0.999966 0.000625
-0.092553 -1.312967 -0.397546 0.000000 1.000000 0.008221 -0.999966 0.000634
-0.243434 -1.314059 -0.163892 1.000000 1.000000 0.008219 -0.999966 0.000594
-0.205949 -1.313837 -0.305229 0.000000 1.000000 0.008208 -0.999966 0.000625
-0.017147 -1.307543 -0.393911 0.000499 0.500000 -0.130458 -0.006626 -0.991432
-0.016906 -1.538790 -0.392392 0.999500 0.500000 -0.054863 -0.006591 -0.998472
-0.109590 -1.538712 -0.365814 0.999500 0.353224 -0.414875 -0.006367 -0.909856
-0.109822 -1.307456 -0.367322 0.000499 0.353224 -0.547732 -0.006026 -0.836632
-0.181554 -1.538364 -0.301652 0.999500 0.235519 -0.768517 -0.004983 -0.639810
-0.181796 -1.307117 -0.303170 0.000499 0.235519 -0.856469 -0.004266 -0.516181
-0.218566 -1.537823 -0.212622 0.999501 0.170197 -0.970027 -0.002577 -0.242984
-0.218798 -1.306566 -0.214131 0.000500 0.170197 -0.985671 -0.002089 -0.168665
-0.213278 -1.537184 -0.116351 0.999501 0.170197 -0.961246 0.000844 0.275692
-0.213509 -1.305928 -0.117869 0.000500 0.170197 -0.961245 0.000845 0.275694
-0.166732 -1.536585 -0.031904 0.999500 0.235519 -0.746421 0.003607 0.665464
-0.166974 -1.305328 -0.033422 0.000499 0.235519 -0.746451 0.003587 0.665431
-0.088164 -1.536140 0.023981 0.999500 0.353224 -0.383782 0.005660 0.923406
-0.088405 -1.304884 0.022463 0.000499 0.353224 -0.383781 0.005661 0.923407
0.006870 -1.535927 0.040244 0.999500 0.500000 0.054877 0.006612 0.998471
0.006628 -1.304680 0.038726 0.000499 0.500000 0.054877 0.006612 0.998471
0.099544 -1.536005 0.013665 0.999501 0.646776 0.482663 0.006239 0.875784
0.099312 -1.304758 0.012146 0.000500 0.646776 0.482651 0.006233 0.875791
0.171518 -1.536353 -0.050497 0.999501 0.764481 0.814862 0.004642 0.579636
0.171277 -1.305097 -0.052015 0.000500 0.764481 0.814881 0.004656 0.579610
0.208521 -1.536904 -0.139527 0.999501 0.829803 0.985668 0.002117 0.168685
0.208288 -1.305648 -0.141044 0.000500 0.829803 0.985661 0.002099 0.168727
0.203232 -1.537542 -0.235798 0.999501 0.829803 0.961251 -0.000826 -0.275674
0.202990 -1.306286 -0.237316 0.000500 0.829803 0.961238 -0.000806 -0.275718
0.156696 -1.538142 -0.320235 0.999501 0.764481 0.746463 -0.003588 -0.665417
0.156455 -1.306885 -0.321753 0.000500 0.764481 0.746462 -0.003587 -0.665419
0.078129 -1.538587 -0.376130 0.999501 0.646776 0.383818 -0.005639 -0.923391
0.077886 -1.307330 -0.377638 0.000500 0.646776 0.383781 -0.005622 -0.923407
-0.183053 -0.858333 -0.466049 0.105032 0.000816 -0.366540 0.000609 -0.930402
-0.183305 0.999367 -0.464734 0.103305 0.998965 -0.366540 0.000609 -0.930402
0.022697 0.999453 -0.499213 -0.014269 0.998806 0.043566 0.000715 -0.999050
0.022949 -0.858247 -0.500537 -0.012806 0.000657 0.043543 0.000718 -0.999051
0.022949 -0.858247 -0.500537 1.737194 0.000657 0.043543 0.000718 -0.999051
0.022697 0.999453 -0.499213 1.735731 0.998806 0.043566 0.000715 -0.999050
0.224910 0.999483 -0.446935 1.618542 0.998694 0.446139 0.000698 -0.894963
0.225171 -0.858217 -0.448249 1.619484 0.000545 0.446155 0.000696 -0.894955
0.388379 0.999463 -0.316919 1.501923 0.998648 0.771590 0.000556 -0.636120
0.388630 -0.858247 -0.318234 1.502185 0.000499 0.771599 0.000555 -0.636109
0.484833 0.999377 -0.131657 1.385882 0.998677 0.963615 0.000320 -0.267293
0.485085 -0.858324 -0.132971 1.385428 0.000528 0.963615 0.000320 -0.267294
0.497597 0.999251 0.076821 1.270243 0.998774 0.989025 0.000029 0.147748
0.497848 -0.858449 0.075506 1.269157 0.000625 0.989025 0.000029 0.147750
0.424462 0.999106 0.272467 1.154721 0.998924 0.843422 -0.000266 0.537252
0.424714 -0.858595 0.271153 1.153190 0.000775 0.843423 -0.000266 0.537251
0.278068 0.998970 0.421453 1.039041 0.999100 0.551971 -0.000518 0.833863
0.278320 -0.858730 0.420128 1.037323 0.000951 0.551957 -0.000520 0.833873
0.083736 0.998864 0.498009 0.923031 0.999273 0.165092 -0.000678 0.986278
0.083998 -0.858837 0.496695 0.921418 0.001123 0.165123 -0.000675 0.986273
-0.124924 0.998806 0.488911 0.806660 0.999411 -0.250321 -0.000721 0.968163
-0.124673 -0.858894 0.487587 0.805428 0.001262 -0.250342 -0.000724 0.968157
-0.311860 0.998806 0.395724 0.689984 0.999492 -0.622476 -0.000642 0.782639
-0.311599 -0.858894 0.394410 0.689348 0.001343 -0.622468 -0.000641 0.782645
-0.444717 0.998864 0.234566 0.573072 0.999500 -0.886993 -0.000450 0.461782
-0.444466 -0.858837 0.233241 0.573144 0.001352 -0.886992 -0.000449 0.461784
-0.500544 0.998970 0.033292 0.455943 0.999436 -0.998132 -0.000179 0.061093
-0.500293 -0.858730 0.031977 0.456717 0.001287 -0.998132 -0.000178 0.061099
-0.469682 0.999105 -0.173281 0.338580 0.999310 -0.936690 0.000121 -0.350159
-0.469431 -0.858595 -0.174595 0.339926 0.001161 -0.936690 0.000121 -0.350159
-0.357467 0.999251 -0.349444 0.220996 0.999143 -0.713290 0.000399 -0.700869
-0.357216 -0.858460 -0.350759 0.222681 0.000994 -0.713290 0.000399 -0.700869
-0.005844 -1.525621 0.045949 0.000000 1.000000 0.000142 -0.000020 1.000000
-0.078031 -1.525746 0.033911 0.000000 0.000000 -0.324611 -0.000553 0.945847
-0.077964 -1.565611 0.033911 1.000000 0.000000 -0.324613 -0.000550 0.945847
-0.005787 -1.565495 0.045949 1.000000 1.000000 0.000131 0.000000 1.000000
-0.005787 -1.565495 0.010774 0.000000 1.000000 -0.000155 0.000001 -1.000000
-0.066545 -1.565591 0.000641 0.000000 0.000000 0.324601 0.000551 -0.945851
-0.066613 -1.525727 0.000641 1.000000 0.000000 0.324603 0.000554 -0.945850
-0.005854 -1.525621 0.010774 1.000000 1.000000 -0.000156 -0.000000 -1.000000
-0.078031 -1.525746 0.033911 0.000000 1.000000 -0.324611 -0.000553 0.945847
-0.142396 -1.525853 -0.000915 0.000000 0.000000 -0.614133 -0.001047 0.789202
-0.142328 -1.565717 -0.000915 1.000000 0.000000 -0.614133 -0.001048 0.789202
-0.077964 -1.565611 0.033911 1.000000 1.000000 -0.324613 -0.000550 0.945847
-0.066545 -1.565591 0.000641 0.000000 1.000000 0.324601 0.000551 -0.945851
-0.120729 -1.565688 -0.028674 0.000000 0.000000 0.614156 0.001040 -0.789184
-0.120796 -1.525814 -0.028674 1.000000 0.000000 0.614156 0.001040 -0.789184
-0.066613 -1.525727 0.000641 1.000000 1.000000 0.324603 0.000554 -0.945850
-0.142396 -1.525853 -0.000915 0.000000 1.000000 -0.614133 -0.001047 0.789202
-0.191968 -1.525930 -0.054751 0.000000 0.000000 -0.837105 -0.001422 0.547040
-0.191900 -1.565803 -0.054751 1.000000 0.000000 -0.837104 -0.001428 0.547042
-0.142328 -1.565717 -0.000915 1.000000 1.000000 -0.614133 -0.001048 0.789202
-0.120729 -1.565688 -0.028674 0.000000 1.000000 0.614156 0.001040 -0.789184
-0.162449 -1.565756 -0.073992 0.000000 0.000000 0.837137 0.001423 -0.546992
-0.162517 -1.525881 -0.073992 1.000000 0.000000 0.837135 0.001417 -0.546995
-0.120796 -1.525814 -0.028674 1.000000 1.000000 0.614156 0.001040 -0.789184
-0.191968 -1.525930 -0.054751 0.000000 1.000000 -0.837105 -0.001422 0.547040
-0.221370 -1.525978 -0.121765 0.000000 0.000000 -0.981523 -0.001581 0.191339
-0.221303 -1.565852 -0.121765 1.000000 0.000000 -0.969372 -0.001641 0.245592
-0.191900 -1.565803 -0.054751 1.000000 1.000000 -0.837104 -0.001428 0.547042
-0.162449 -1.565756 -0.073992 0.000000 1.000000 0.837137 0.001423 -0.546992
-0.187200 -1.565794 -0.130409 0.000000 0.000000 0.969373 0.001653 -0.245589
-0.187269 -1.525920 -0.130409 1.000000 0.000000 0.969373 0.001653 -0.245589
-0.162517 -1.525881 -0.073992 1.000000 1.000000 0.837135 0.001417 -0.546995
-0.221370 -1.525978 -0.121765 0.000000 1.000000 -0.981523 -0.001581 0.191339
-0.227413 -1.525988 -0.194696 0.000000 0.000000 -0.990464 -0.001519 -0.137762
-0.227355 -1.565862 -0.194696 1.000000 0.000000 -0.999633 -0.001534 -0.027064
-0.221303 -1.565852 -0.121765 1.000000 1.000000 -0.969372 -0.001641 0.245592
-0.187200 -1.565794 -0.130409 0.000000 1.000000 0.969373 0.001653 -0.245589
-0.192296 -1.565803 -0.191796 0.000000 0.000000 0.996589 0.001693 0.082507
-0.192364 -1.525930 -0.191796 1.000000 0.000000 0.996589 0.001700 0.082511
-0.187269 -1.525920 -0.130409 1.000000 1.000000 0.969373 0.001653 -0.245589
-0.227413 -1.525988 -0.194696 0.000000 1.000000 -0.990464 -0.001519 -0.137762
-0.209458 -1.525959 -0.265636 0.000000 0.000000 -0.915823 -0.001556 -0.401578
-0.209391 -1.565833 -0.265636 1.000000 0.000000 -0.936697 -0.001508 -0.350139
-0.227355 -1.565862 -0.194696 1.000000 1.000000 -0.999633 -0.001534 -0.027064
-0.192296 -1.565803 -0.191796 0.000000 1.000000 0.996589 0.001693 0.082507
-0.177175 -1.565775 -0.251510 0.000000 0.000000 0.915795 0.001550 0.401643
-0.177242 -1.525901 -0.251510 1.000000 0.000000 0.915795 0.001550 0.401643
-0.192364 -1.525930 -0.191796 1.000000 1.000000 0.996589 0.001700 0.082511
-0.209458 -1.525959 -0.265636 0.000000 1.000000 -0.915823 -0.001556 -0.401578
-0.169439 -1.525892 -0.326906 0.000000 0.000000 -0.735831 -0.001251 -0.677164
-0.169372 -1.565765 -0.326906 1.000000 0.000000 -0.735832 -0.001255 -0.677163
-0.209391 -1.565833 -0.265636 1.000000 1.000000 -0.936697 -0.001508 -0.350139
-0.177175 -1.565775 -0.251510 0.000000 1.000000 0.915795 0.001550 0.401643
-0.143488 -1.565727 -0.303082 0.000000 0.000000 0.735818 0.001246 0.677179
-0.143556 -1.525853 -0.303082 1.000000 0.000000 0.735818 0.001246 0.677179
-0.177242 -1.525901 -0.251510 1.000000 1.000000 0.915795 0.001550 0.401643
-0.169439 -1.525892 -0.326906 0.000000 1.000000 -0.735831 -0.001251 -0.677164
-0.111698 -1.525794 -0.371866 0.000000 0.000000 -0.476044 -0.000808 -0.879421
-0.111630 -1.565668 -0.371866 1.000000 0.000000 -0.476043 -0.000806 -0.879422
-0.169372 -1.565765 -0.326906 1.000000 1.000000 -0.735832 -0.001255 -0.677163
-0.143488 -1.565727 -0.303082 0.000000 1.000000 0.735818 0.001246 0.677179
-0.094884 -1.565640 -0.340926 0.000000 0.000000 0.476036 0.000806 0.879425
-0.094951 -1.525766 -0.340926 1.000000 0.000000 0.476036 0.000806 0.879425
-0.143556 -1.525853 -0.303082 1.000000 1.000000 0.735818 0.001246 0.677179
-0.111698 -1.525794 -0.371866 0.000000 1.000000 -0.476044 -0.000808 -0.879421
-0.042480 -1.525678 -0.395632 0.000000 0.000000 -0.164680 -0.000281 -0.986347
-0.042411 -1.565552 -0.395632 1.000000 0.000000 -0.164680 -0.000281 -0.986347
-0.111630 -1.565668 -0.371866 1.000000 1.000000 -0.476043 -0.000806 -0.879422
-0.094884 -1.565640 -0.340926 0.000000 1.000000 0.476036 0.000806 0.879425
-0.036620 -1.565543 -0.360930 0.000000 0.000000 0.164693 0.000279 0.986345
-0.036687 -1.525669 -0.360930 1.000000 0.000000 0.164693 0.000279 0.986345
-0.094951 -1.525766 -0.340926 1.000000 1.000000 0.476036 0.000806 0.879425
-0.042480 -1.525678 -0.395632 0.000000 1.000000 -0.164680 -0.000281 -0.986347
0.030704 -1.525563 -0.395641 0.000000 0.000000 0.164485 0.000239 -0.986380
0.030771 -1.565436 -0.395641 1.000000 0.000000 0.164506 0.000278 -0.986376
-0.042411 -1.565552 -0.395632 1.000000 1.000000 -0.164680 -0.000281 -0.986347
-0.036620 -1.565543 -0.360930 0.000000 1.000000 0.164693 0.000279 0.986345
0.024980 -1.565446 -0.360941 0.000000 0.000000 -0.164462 -0.000278 0.986383
0.024912 -1.525572 -0.360941 1.000000 0.000000 -0.164461 -0.000280 0.986384
-0.036687 -1.525669 -0.360930 1.000000 1.000000 0.164693 0.000279 0.986345
0.030704 -1.525563 -0.395641 0.000000 1.000000 0.164485 0.000239 -0.986380
0.099921 -1.525446 -0.371885 0.000000 0.000000 0.524010 0.000812 -0.851712
0.099979 -1.565320 -0.371885 1.000000 0.000000 0.475875 0.000692 -0.879513
0.030771 -1.565436 -0.395641 1.000000 1.000000 0.164506 0.000278 -0.986376
0.024980 -1.565446 -0.360941 0.000000 1.000000 -0.164462 -0.000278 0.986383
0.083243 -1.565349 -0.340946 0.000000 0.000000 -0.475876 -0.000806 0.879512
0.083175 -1.525476 -0.340946 1.000000 0.000000 -0.475876 -0.000806 0.879512
0.024912 -1.525572 -0.360941 1.000000 1.000000 -0.164461 -0.000280 0.986384
0.099921 -1.525446 -0.371885 0.000000 1.000000 0.524010 0.000812 -0.851712
0.157673 -1.525350 -0.326935 0.000000 0.000000 0.735705 0.001245 -0.677301
0.157741 -1.565224 -0.326935 1.000000 0.000000 0.696942 0.001130 -0.717127
0.099979 -1.565320 -0.371885 1.000000 1.000000 0.475875 0.000692 -0.879513
0.083243 -1.565349 -0.340946 0.000000 1.000000 -0.475876 -0.000806 0.879512
0.131857 -1.565272 -0.303111 0.000000 0.000000 -0.772118 -0.001240 0.635478
0.131790 -1.525398 -0.303111 1.000000 0.000000 -0.735625 -0.001245 0.677388
0.083175 -1.525476 -0.340946 1.000000 1.000000 -0.475876 -0.000806 0.879512
0.157673 -1.525350 -0.326935 0.000000 1.000000 0.735705 0.001245 -0.677301
0.197702 -1.525283 -0.265674 0.000000 0.000000 0.915735 0.001556 -0.401779
0.197769 -1.565156 -0.265674 1.000000 0.000000 0.915734 0.001550 -0.401782
0.157741 -1.565224 -0.326935 1.000000 1.000000 0.696942 0.001130 -0.717127
0.131857 -1.565272 -0.303111 0.000000 1.000000 -0.772118 -0.001240 0.635478
0.165553 -1.565214 -0.251549 0.000000 0.000000 -0.936642 -0.001461 0.350286
0.165495 -1.525340 -0.251549 1.000000 0.000000 -0.892003 -0.001365 0.452027
0.131790 -1.525398 -0.303111 1.000000 1.000000 -0.735625 -0.001245 0.677388
0.197702 -1.525283 -0.265674 0.000000 1.000000 0.915735 0.001556 -0.401779
0.215675 -1.525253 -0.194735 0.000000 0.000000 0.999629 0.001620 -0.027194
0.215744 -1.565127 -0.194735 1.000000 0.000000 0.996578 0.001700 -0.082645
0.197769 -1.565156 -0.265674 1.000000 1.000000 0.915734 0.001550 -0.401782
0.165553 -1.565214 -0.251549 0.000000 1.000000 -0.936642 -0.001461 0.350286
0.180685 -1.565185 -0.191834 0.000000 0.000000 -0.996569 -0.001718 0.082749
0.180617 -1.525311 -0.191825 1.000000 0.000000 -0.990445 -0.001613 0.137896
0.165495 -1.525340 -0.251549 1.000000 1.000000 -0.892003 -0.001365 0.452027
0.215675 -1.525253 -0.194735 0.000000 1.000000 0.999629 0.001620 -0.027194
0.209643 -1.525263 -0.121804 0.000000 0.000000 0.954300 0.001462 0.298847
0.209701 -1.565136 -0.121804 1.000000 0.000000 0.981555 0.001512 0.191175
0.215744 -1.565127 -0.194735 1.000000 1.000000 0.996578 0.001700 -0.082645
0.180685 -1.565185 -0.191834 0.000000 1.000000 -0.996569 -0.001718 0.082749
0.175609 -1.565195 -0.130438 0.000000 0.000000 -0.969429 -0.001641 -0.245365
0.175541 -1.525321 -0.130438 1.000000 0.000000 -0.969429 -0.001641 -0.245365
0.180617 -1.525311 -0.191825 1.000000 1.000000 -0.990445 -0.001613 0.137896
0.209643 -1.525263 -0.121804 0.000000 1.000000 0.954300 0.001462 0.298847
0.180250 -1.525311 -0.054790 0.000000 0.000000 0.837188 0.001417 0.546913
0.180317 -1.565185 -0.054790 1.000000 0.000000 0.866287 0.001393 0.499544
0.209701 -1.565136 -0.121804 1.000000 1.000000 0.981555 0.001512 0.191175
0.175609 -1.565195 -0.130438 0.000000 1.000000 -0.969429 -0.001641 -0.245365
0.150866 -1.565233 -0.074021 0.000000 0.000000 -0.837202 -0.001417 -0.546892
0.150799 -1.525360 -0.074021 1.000000 0.000000 -0.837202 -0.001417 -0.546892
0.175541 -1.525321 -0.130438 1.000000 1.000000 -0.969429 -0.001641 -0.245365
0.180250 -1.525311 -0.054790 0.000000 1.000000 0.837188 0.001417 0.546913
0.130688 -1.525398 -0.000945 0.000000 0.000000 0.614279 0.001040 0.789089
0.130755 -1.565272 -0.000945 1.000000 0.000000 0.614279 0.001040 0.789089
0.180317 -1.565185 -0.054790 1.000000 1.000000 0.866287 0.001393 0.499544
0.150866 -1.565233 -0.074021 0.000000 1.000000 -0.837202 -0.001417 -0.546892
0.109146 -1.565301 -0.028694 0.000000 0.000000 -0.614230 -0.001043 -0.789127
0.109078 -1.525437 -0.028694 1.000000 0.000000 -0.614228 -0.001040 -0.789128
0.150799 -1.525360 -0.074021 1.000000 1.000000 -0.837202 -0.001417 -0.546892
0.130688 -1.525398 -0.000945 0.000000 1.000000 0.614279 0.001040 0.789089
0.066333 -1.525505 0.033891 0.000000 0.000000 0.324833 0.000530 0.945771
0.066400 -1.565379 0.033891 1.000000 0.000000 0.324823 0.000550 0.945775
0.130755 -1.565272 -0.000945 1.000000 1.000000 0.614279 0.001040 0.789089
0.109146 -1.565301 -0.028694 0.000000 1.000000 -0.614230 -0.001043 -0.789127
0.054972 -1.565398 0.000621 0.000000 0.000000 -0.324787 -0.000553 -0.945787
0.054904 -1.525524 0.000621 1.000000 0.000000 -0.324787 -0.000554 -0.945787
0.109078 -1.525437 -0.028694 1.000000 1.000000 -0.614228 -0.001040 -0.789128
0.066333 -1.525505 0.033891 1.000000 0.000000 0.324833 0.000530 0.945771
-0.005844 -1.525621 0.045949 1.000000 1.000000 0.000142 -0.000020 1.000000
-0.005787 -1.565495 0.045949 0.000000 1.000000 0.000131 0.000000 1.000000
0.066400 -1.565379 0.033891 0.000000 0.000000 0.324823 0.000550 0.945775
0.054972 -1.565398 0.000621 1.000000 0.000000 -0.324787 -0.000553 -0.945787
-0.005787 -1.565495 0.010774 1.000000 1.000000 -0.000155 0.000001 -1.000000
-0.005854 -1.525621 0.010774 0.000000 1.000000 -0.000156 -0.000000 -1.000000
0.054904 -1.525524 0.000621 0.000000 0.000000 -0.324787 -0.000554 -0.945787
0.061798 -1.566307 -0.385818 0.000000 1.000000 0.094060 0.837396 -0.538443
-0.009586 -1.566113 -0.397169 1.000000 1.000000 -0.032470 0.833978 -0.550841
-0.009586 -1.557151 -0.384049 1.000000 0.000000 0.028517 0.835730 -0.548400
0.054334 -1.558765 -0.374738 0.000000 0.000000 0.096503 0.851872 -0.514782
-0.009586 -1.566113 -0.397169 0.000000 1.000000 -0.032470 0.833978 -0.550841
-0.080942 -1.565736 -0.384871 1.000000 1.000000 -0.085659 0.848027 -0.522985
-0.073468 -1.558166 -0.373819 1.000000 0.000000 -0.094306 0.834947 -0.542189
-0.009586 -1.557151 -0.384049 0.000000 0.000000 0.028517 0.835730 -0.548400
0.021247 -1.651256 -0.342521 0.000000 1.000000 0.002213 -0.825735 0.564053
0.020029 -1.648017 -0.337774 1.000000 1.000000 0.002204 -0.825794 0.563967
-0.009354 -1.649806 -0.340278 1.000000 0.000000 0.002269 -0.825716 0.564082
-0.009364 -1.653122 -0.345132 0.000000 0.000000 0.002309 -0.825712 0.564087
-0.009364 -1.653122 -0.345132 0.000000 1.000000 0.002309 -0.825712 0.564087
-0.009354 -1.649806 -0.340278 1.000000 1.000000 0.002269 -0.825716 0.564082
-0.038738 -1.648114 -0.337678 1.000000 0.000000 0.002353 -0.825730 0.564060
-0.039966 -1.651353 -0.342415 0.000000 0.000000 0.002324 -0.825784 0.563981
0.061798 -1.566307 -0.385818 0.000000 1.000000 0.857844 -0.149398 0.491714
0.054334 -1.558765 -0.374738 1.000000 1.000000 0.806065 -0.066253 0.588107
0.020029 -1.648017 -0.337774 1.000000 0.000000 0.857844 -0.149398 0.491714
0.021247 -1.651256 -0.342521 0.000000 0.000000 0.893423 -0.229722 0.386036
0.054334 -1.558765 -0.374738 0.000000 1.000000 -0.111181 0.418889 0.901205
-0.009586 -1.557151 -0.384049 1.000000 1.000000 0.040752 0.423910 0.904787
-0.009354 -1.649806 -0.340278 1.000000 0.000000 -0.039638 0.423124 0.905205
0.020029 -1.648017 -0.337774 0.000000 0.000000 -0.102280 0.413927 0.904546
-0.009586 -1.557151 -0.384049 0.000000 1.000000 0.040752 0.423910 0.904787
-0.073468 -1.558166 -0.373819 1.000000 1.000000 0.137468 0.414537 0.899590
-0.038738 -1.648114 -0.337678 1.000000 0.000000 0.120779 0.419850 0.899521
-0.009354 -1.649806 -0.340278 0.000000 0.000000 -0.039638 0.423124 0.905205
-0.073468 -1.558166 -0.373819 0.000000 1.000000 -0.860014 -0.144239 0.489461
-0.080942 -1.565736 -0.384871 1.000000 1.000000 -0.797267 -0.085245 0.597577
-0.039966 -1.651353 -0.342415 1.000000 0.000000 -0.860014 -0.144239 0.489461
-0.038738 -1.648114 -0.337678 0.000000 0.000000 -0.906328 -0.200476 0.371992
-0.216381 -1.566771 -0.246308 0.000000 1.000000 -0.540774 0.835972 -0.093350
-0.227452 -1.566480 -0.174875 1.000000 1.000000 -0.552431 0.832897 0.033216
-0.214351 -1.557489 -0.174953 1.000000 0.000000 -0.550410 0.834433 -0.027753
-0.205291 -1.559190 -0.238901 0.000000 0.000000 -0.517234 0.850454 -0.095903
-0.227452 -1.566480 -0.174875 0.000000 1.000000 -0.552431 0.832897 0.033216
-0.214883 -1.565959 -0.103578 1.000000 1.000000 -0.524177 0.847235 0.086204
-0.203870 -1.558379 -0.111110 1.000000 0.000000 -0.543458 0.834042 0.095011
-0.214351 -1.557489 -0.174953 0.000000 0.000000 -0.550410 0.834433 -0.027753
-0.172785 -1.651575 -0.205787 0.000000 1.000000 0.565294 -0.824883 -0.003185
-0.168038 -1.648327 -0.204588 1.000000 1.000000 0.565294 -0.824883 -0.003185
-0.170426 -1.650076 -0.175195 1.000000 0.000000 0.565282 -0.824892 -0.003067
-0.175279 -1.653403 -0.175166 0.000000 0.000000 0.565422 -0.824796 -0.003084
-0.175279 -1.653403 -0.175166 0.000000 1.000000 0.565422 -0.824796 -0.003084
-0.170426 -1.650076 -0.175195 1.000000 1.000000 0.565282 -0.824892 -0.003067
-0.167718 -1.648327 -0.145821 1.000000 0.000000 0.565500 -0.824743 -0.003035
-0.172447 -1.651575 -0.144573 0.000000 0.000000 0.565730 -0.824585 -0.003122
-0.216381 -1.566771 -0.246308 0.000000 1.000000 0.488933 -0.149791 -0.859364
-0.205291 -1.559190 -0.238901 1.000000 1.000000 0.585202 -0.066530 -0.808154
-0.168038 -1.648327 -0.204588 1.000000 0.000000 0.488933 -0.149791 -0.859364
-0.172785 -1.651575 -0.205787 0.000000 0.000000 0.383462 -0.230233 -0.894399
-0.205291 -1.559190 -0.238901 0.000000 1.000000 0.900901 0.420621 0.107025
-0.214351 -1.557489 -0.174953 1.000000 1.000000 0.903925 0.425321 -0.044972
-0.170426 -1.650076 -0.175195 1.000000 0.000000 0.904629 0.424721 0.035475
-0.168038 -1.648327 -0.204588 0.000000 0.000000 0.904183 0.415701 0.098209
-0.214351 -1.557489 -0.174953 0.000000 1.000000 0.903925 0.425321 -0.044972
-0.203870 -1.558379 -0.111110 1.000000 1.000000 0.898375 0.415746 -0.141694
-0.167718 -1.648327 -0.145821 1.000000 0.000000 0.898362 0.421109 -0.124948
-0.170426 -1.650076 -0.175195 0.000000 0.000000 0.904629 0.424721 0.035475
-0.203870 -1.558379 -0.111110 0.000000 1.000000 0.492795 -0.142089 0.858466
-0.214883 -1.565959 -0.103578 1.000000 1.000000 0.600824 -0.082902 0.795071
-0.172447 -1.651575 -0.144573 1.000000 0.000000 0.492795 -0.142089 0.858466
-0.167718 -1.648327 -0.145821 0.000000 0.000000 0.375308 -0.198549 0.905385
0.062484 -1.566307 0.032886 0.000000 1.000000 0.095813 0.837315 0.538260
-0.008900 -1.557150 0.031349 1.000000 0.000000 0.030316 0.835674 0.548388
-0.008861 -1.566113 0.044470 1.000000 1.000000 -0.030638 0.833985 0.550937
0.054991 -1.558765 0.021835 0.000000 0.000000 0.098171 0.851742 0.514683
-0.008861 -1.566113 0.044470 0.000000 1.000000 -0.030638 0.833985 0.550937
-0.072819 -1.558166 0.021332 1.000000 0.000000 -0.092487 0.834972 0.542465
-0.080245 -1.565736 0.032412 1.000000 1.000000 -0.083891 0.848070 0.523202
-0.008900 -1.557150 0.031349 0.000000 0.000000 0.030316 0.835674 0.548388
0.021798 -1.651256 -0.010275 0.000000 1.000000 0.000232 -0.825855 -0.563882
-0.008813 -1.649806 -0.012412 1.000000 0.000000 0.000392 -0.825796 -0.563970
0.020561 -1.648017 -0.015022 1.000000 1.000000 0.000205 -0.826035 -0.563619
-0.008803 -1.653122 -0.007558 0.000000 0.000000 0.000487 -0.825814 -0.563942
-0.008803 -1.653122 -0.007558 0.000000 1.000000 0.000487 -0.825814 -0.563942
-0.038206 -1.648114 -0.014926 1.000000 0.000000 0.000601 -0.825883 -0.563841
-0.008813 -1.649806 -0.012412 1.000000 1.000000 0.000392 -0.825796 -0.563970
-0.039424 -1.651353 -0.010179 0.000000 0.000000 0.000489 -0.826091 -0.563537
0.062484 -1.566307 0.032886 0.000000 1.000000 0.856229 -0.149353 -0.494535
0.020561 -1.648017 -0.015022 1.000000 0.000000 0.856229 -0.149353 -0.494535
0.054991 -1.558765 0.021835 1.000000 1.000000 0.804227 -0.066343 -0.590607
0.021798 -1.651256 -0.010275 0.000000 0.000000 0.892113 -0.229551 -0.389154
0.054991 -1.558765 0.021835 0.000000 1.000000 -0.114248 0.418927 -0.900804
-0.008813 -1.649806 -0.012412 1.000000 0.000000 -0.042588 0.423125 -0.905070
-0.008900 -1.557150 0.031349 1.000000 1.000000 0.037890 0.423856 -0.904937
0.020561 -1.648017 -0.015022 0.000000 0.000000 -0.105560 0.414078 -0.904100
-0.008900 -1.557150 0.031349 0.000000 1.000000 0.037890 0.423856 -0.904937
-0.038206 -1.648114 -0.014926 1.000000 0.000000 0.117941 0.419805 -0.899919
-0.072819 -1.558166 0.021332 1.000000 1.000000 0.134462 0.414545 -0.900040
-0.008813 -1.649806 -0.012412 0.000000 0.000000 -0.042588 0.423125 -0.905070
-0.072819 -1.558166 0.021332 0.000000 1.000000 -0.861656 -0.144268 -0.486554
-0.039424 -1.651353 -0.010179 1.000000 0.000000 -0.861656 -0.144268 -0.486554
-0.080245 -1.565736 0.032412 1.000000 1.000000 -0.799626 -0.085581 -0.594369
-0.038206 -1.648114 -0.014926 0.000000 0.000000 -0.907388 -0.200226 -0.369535
0.198311 -1.566084 -0.246995 0.000000 1.000000 0.537413 0.837939 -0.095106
0.196483 -1.556812 -0.175629 1.000000 0.000000 0.547215 0.836469 -0.029580
0.209623 -1.565756 -0.175600 1.000000 1.000000 0.549457 0.834932 0.031397
0.187221 -1.558542 -0.239550 0.000000 0.000000 0.514030 0.852206 -0.097559
0.209623 -1.565756 -0.175600 0.000000 1.000000 0.549457 0.834932 0.031397
0.186224 -1.557740 -0.111749 1.000000 0.000000 0.540770 0.835989 0.093221
0.197286 -1.565282 -0.104265 1.000000 1.000000 0.521621 0.848976 0.084573
0.196483 -1.556812 -0.175629 0.000000 0.000000 0.547215 0.836469 -0.029580
0.155130 -1.651034 -0.206328 0.000000 1.000000 -0.562673 -0.826678 -0.001377
0.152867 -1.649545 -0.175727 1.000000 0.000000 -0.562545 -0.826766 -0.001213
0.150373 -1.647795 -0.205119 1.000000 1.000000 -0.563059 -0.826415 -0.001418
0.157731 -1.652851 -0.175717 0.000000 0.000000 -0.562655 -0.826691 -0.001173
0.157731 -1.652851 -0.175717 0.000000 1.000000 -0.562655 -0.826691 -0.001173
0.150248 -1.647795 -0.146353 1.000000 0.000000 -0.562840 -0.826565 -0.001092
0.152867 -1.649545 -0.175727 1.000000 1.000000 -0.562545 -0.826766 -0.001213
0.154995 -1.651034 -0.145115 0.000000 0.000000 -0.563392 -0.826189 -0.001298
0.198311 -1.566084 -0.246995 0.000000 1.000000 -0.490990 -0.151597 -0.857874
0.150373 -1.647795 -0.205119 1.000000 0.000000 -0.490990 -0.151597 -0.857874
0.187221 -1.558542 -0.239550 1.000000 1.000000 -0.587703 -0.068367 -0.806183
0.155130 -1.651034 -0.206328 0.000000 0.000000 -0.384971 -0.231954 -0.893306
0.187221 -1.558542 -0.239550 0.000000 1.000000 -0.901902 0.417675 0.110089
0.152867 -1.649545 -0.175727 1.000000 0.000000 -0.905900 0.421744 0.038430
0.196483 -1.556812 -0.175629 1.000000 1.000000 -0.905463 0.422338 -0.042033
0.150373 -1.647795 -0.205119 0.000000 0.000000 -0.905156 0.412808 0.101398
0.196483 -1.556812 -0.175629 0.000000 1.000000 -0.905463 0.422338 -0.042033
0.150248 -1.647795 -0.146353 1.000000 0.000000 -0.900137 0.418162 -0.122039
0.186224 -1.557740 -0.111749 1.000000 1.000000 -0.900188 0.412870 -0.138561
0.152867 -1.649545 -0.175727 0.000000 0.000000 -0.905900 0.421744 0.038430
0.186224 -1.557740 -0.111749 0.000000 1.000000 -0.489607 -0.143691 0.860022
0.154995 -1.651034 -0.145115 1.000000 0.000000 -0.489607 -0.143691 0.860022
0.197286 -1.565282 -0.104265 1.000000 1.000000 -0.597505 -0.085152 0.797331
0.150248 -1.647795 -0.146353 0.000000 0.000000 -0.372408 -0.199501 0.906373
-0.080245 -1.565736 0.032412 0.000000 1.000000 -0.124248 -0.494943 0.859996
-0.008803 -1.653122 -0.007558 1.000000 0.000000 -0.047470 -0.503045 0.862956
-0.008861 -1.566113 0.044470 1.000000 1.000000 0.033017 -0.510204 0.859420
-0.039424 -1.651353 -0.010179 0.000000 0.000000 -0.102319 -0.481738 0.870322
-0.008861 -1.566113 0.044470 0.000000 1.000000 0.033017 -0.510204 0.859420
0.021798 -1.651256 -0.010275 1.000000 0.000000 0.122180 -0.505273 0.854267
0.062484 -1.566307 0.032886 1.000000 1.000000 0.137448 -0.500202 0.854931
-0.008803 -1.653122 -0.007558 0.000000 0.000000 -0.047470 -0.503045 0.862956
0.197286 -1.565282 -0.104265 0.000000 1.000000 0.860317 -0.493332 0.128363
0.157731 -1.652851 -0.175717 1.000000 0.000000 0.863578 -0.501569 0.051583
0.209623 -1.565756 -0.175600 1.000000 1.000000 0.860343 -0.508896 -0.028894
0.154995 -1.651034 -0.145115 0.000000 0.000000 0.870735 -0.480107 0.106387
0.209623 -1.565756 -0.175600 0.000000 1.000000 0.860343 -0.508896 -0.028894
0.155130 -1.651034 -0.206328 1.000000 0.000000 0.855519 -0.504117 -0.118124
0.198311 -1.566084 -0.246995 1.000000 1.000000 0.856232 -0.499078 -0.133375
0.157731 -1.652851 -0.175717 0.000000 0.000000 0.863578 -0.501569 0.051583
-0.080942 -1.565736 -0.384871 0.000000 1.000000 -0.127061 -0.494963 -0.859574
-0.009586 -1.566113 -0.397169 1.000000 1.000000 0.030124 -0.510263 -0.859491
-0.009364 -1.653122 -0.345132 1.000000 0.000000 -0.050352 -0.503083 -0.862770
-0.039966 -1.651353 -0.342415 0.000000 0.000000 -0.105099 -0.481717 -0.870002
-0.009586 -1.566113 -0.397169 0.000000 1.000000 0.030124 -0.510263 -0.859491
0.061798 -1.566307 -0.385818 1.000000 1.000000 0.134656 -0.500231 -0.855358
0.021247 -1.651256 -0.342521 1.000000 0.000000 0.119298 -0.505332 -0.854639
-0.009364 -1.653122 -0.345132 0.000000 0.000000 -0.050352 -0.503083 -0.862770
-0.214883 -1.565959 -0.103578 0.000000 1.000000 -0.858268 -0.496141 0.131225
-0.227452 -1.566480 -0.174875 1.000000 1.000000 -0.858765 -0.511708 -0.026035
-0.175279 -1.653403 -0.175166 1.000000 0.000000 -0.861760 -0.504387 0.054438
-0.172447 -1.651575 -0.144573 0.000000 0.000000 -0.868798 -0.482954 0.109292
-0.227452 -1.566480 -0.174875 0.000000 1.000000 -0.858765 -0.511708 -0.026035
-0.216381 -1.566771 -0.246308 1.000000 1.000000 -0.855029 -0.501899 -0.130473
-0.172785 -1.651575 -0.205787 1.000000 0.000000 -0.854251 -0.506918 -0.115279
-0.175279 -1.653403 -0.175166 0.000000 0.000000 -0.861760 -0.504387 0.054438
0.001088 -0.939986 0.001241 0.000000 1.000000 0.000297 -1.000000 -0.000577
-0.100202 -0.939860 -0.255851 0.000000 0.000000 -0.062701 -0.985047 -0.160472
0.013126 -0.939821 -0.274811 1.000000 0.000000 0.007766 -0.985018 -0.172278
0.013126 -0.939821 -0.274811 0.000000 0.000000 0.007766 -0.985018 -0.172278
0.124364 -0.939802 -0.246057 1.000000 0.000000 0.076986 -0.985008 -0.154379
0.124364 -0.939802 -0.246057 0.000000 0.000000 0.076986 -0.985008 -0.154379
0.214293 -0.939812 -0.174528 1.000000 0.000000 0.132909 -0.985018 -0.109885
0.214293 -0.939812 -0.174528 0.000000 0.000000 0.132909 -0.985018 -0.109885
0.267346 -0.939860 -0.072619 1.000000 0.000000 0.165892 -0.985045 -0.046543
0.267346 -0.939860 -0.072619 0.000000 0.000000 0.165892 -0.985045 -0.046543
0.274375 -0.939928 0.042062 1.000000 0.000000 0.170262 -0.985087 0.024782
0.274375 -0.939928 0.042062 0.000000 0.000000 0.170262 -0.985087 0.024782
0.234133 -0.940005 0.149694 1.000000 0.000000 0.145226 -0.985138 0.091722
0.234133 -0.940005 0.149694 0.000000 0.000000 0.145226 -0.985138 0.091722
0.153612 -0.940083 0.231646 1.000000 0.000000 0.095169 -0.985183 0.142682
0.153612 -0.940083 0.231646 0.000000 0.000000 0.095169 -0.985183 0.142682
0.046705 -0.940141 0.273763 1.000000 0.000000 0.028683 -0.985220 0.168876
0.046705 -0.940141 0.273763 0.000000 0.000000 0.028683 -0.985220 0.168876
-0.068082 -0.940179 0.268755 1.000000 0.000000 -0.042690 -0.985240 0.165769
-0.068082 -0.940179 0.268755 0.000000 0.000000 -0.042690 -0.985240 0.165769
-0.170909 -0.940179 0.217491 1.000000 0.000000 -0.106678 -0.985240 0.133870
-0.170909 -0.940179 0.217491 0.000000 0.000000 -0.106678 -0.985240 0.133870
-0.244005 -0.940141 0.128838 1.000000 0.000000 -0.152134 -0.985219 0.078734
-0.244005 -0.940141 0.128838 0.000000 0.000000 -0.152134 -0.985219 0.078734
-0.274713 -0.940083 0.018122 1.000000 0.000000 -0.171220 -0.985183 0.009917
-0.274713 -0.940083 0.018122 0.000000 0.000000 -0.171220 -0.985183 0.009917
-0.257734 -0.940015 -0.095515 1.000000 0.000000 -0.160663 -0.985138 -0.060755
-0.257734 -0.940015 -0.095515 0.000000 0.000000 -0.160663 -0.985138 -0.060755
-0.196009 -0.939928 -0.192425 1.000000 0.000000 -0.122234 -0.985091 -0.121057
-0.196009 -0.939928 -0.192425 0.000000 0.000000 -0.122234 -0.985091 -0.121057
-0.100202 -0.939860 -0.255851 1.000000 0.000000 -0.062701 -0.985047 -0.160472
-0.100202 -0.939860 -0.255851 0.000000 1.000000 -0.062701 -0.985047 -0.160472
-0.183053 -0.858333 -0.466049 0.000000 0.000000 -0.123946 -0.940638 -0.315970
0.022949 -0.858247 -0.500528 1.000000 0.000000 0.015064 -0.940572 -0.339259
0.013126 -0.939821 -0.274811 1.000000 1.000000 0.007766 -0.985018 -0.172278
0.013126 -0.939821 -0.274811 0.000000 1.000000 0.007766 -0.985018 -0.172278
0.022949 -0.858247 -0.500528 0.000000 0.000000 0.015064 -0.940572 -0.339259
0.225161 -0.858217 -0.448249 1.000000 0.000000 0.151532 -0.940551 -0.303976
0.124364 -0.939802 -0.246057 1.000000 1.000000 0.076986 -0.985008 -0.154379
0.124364 -0.939802 -0.246057 0.000000 1.000000 0.076986 -0.985008 -0.154379
0.225161 -0.858217 -0.448249 0.000000 0.000000 0.151532 -0.940551 -0.303976
0.388630 -0.858247 -0.318234 1.000000 0.000000 0.261860 -0.940576 -0.216207
0.214293 -0.939812 -0.174528 1.000000 1.000000 0.132909 -0.985018 -0.109885
0.214293 -0.939812 -0.174528 0.000000 1.000000 0.132909 -0.985018 -0.109885
0.388630 -0.858247 -0.318234 0.000000 0.000000 0.261860 -0.940576 -0.216207
0.485085 -0.858324 -0.132971 1.000000 0.000000 0.326955 -0.940631 -0.091176
0.267346 -0.939860 -0.072619 1.000000 1.000000 0.165892 -0.985045 -0.046543
0.267346 -0.939860 -0.072619 0.000000 1.000000 0.165892 -0.985045 -0.046543
0.485085 -0.858324 -0.132971 0.000000 0.000000 0.326955 -0.940631 -0.091176
0.497848 -0.858449 0.075506 1.000000 0.000000 0.335573 -0.940713 0.049501
0.274375 -0.939928 0.042062 1.000000 1.000000 0.170262 -0.985087 0.024782
0.274375 -0.939928 0.042062 0.000000 1.000000 0.170262 -0.985087 0.024782
0.497848 -0.858449 0.075506 0.000000 0.000000 0.335573 -0.940713 0.049501
0.424714 -0.858595 0.271153 1.000000 0.000000 0.286201 -0.940813 0.181546
0.234133 -0.940005 0.149694 1.000000 1.000000 0.145226 -0.985138 0.091722
0.234133 -0.940005 0.149694 0.000000 1.000000 0.145226 -0.985138 0.091722
0.424714 -0.858595 0.271153 0.000000 0.000000 0.286201 -0.940813 0.181546
0.278320 -0.858730 0.420128 1.000000 0.000000 0.187404 -0.940903 0.282103
0.153612 -0.940083 0.231646 1.000000 1.000000 0.095169 -0.985183 0.142682
0.153612 -0.940083 0.231646 0.000000 1.000000 0.095169 -0.985183 0.142682
0.278320 -0.858730 0.420128 0.000000 0.000000 0.187404 -0.940903 0.282103
0.083988 -0.858837 0.496695 1.000000 0.000000 0.056262 -0.940974 0.333771
0.046705 -0.940141 0.273763 1.000000 1.000000 0.028683 -0.985220 0.168876
0.046705 -0.940141 0.273763 0.000000 1.000000 0.028683 -0.985220 0.168876
0.083988 -0.858837 0.496695 0.000000 0.000000 0.056262 -0.940974 0.333771
-0.124683 -0.858894 0.487596 1.000000 0.000000 -0.084579 -0.941011 0.327635
-0.068082 -0.940179 0.268755 1.000000 1.000000 -0.042690 -0.985240 0.165769
-0.068082 -0.940179 0.268755 0.000000 1.000000 -0.042690 -0.985240 0.165769
-0.124683 -0.858894 0.487596 0.000000 0.000000 -0.084579 -0.941011 0.327635
-0.311608 -0.858894 0.394410 1.000000 0.000000 -0.210746 -0.941008 0.264745
-0.170909 -0.940179 0.217491 1.000000 1.000000 -0.106678 -0.985240 0.133870
-0.170909 -0.940179 0.217491 0.000000 1.000000 -0.106678 -0.985240 0.133870
-0.311608 -0.858894 0.394410 0.000000 0.000000 -0.210746 -0.941008 0.264745
-0.444466 -0.858837 0.233241 1.000000 0.000000 -0.300415 -0.940969 0.155973
-0.244005 -0.940141 0.128838 1.000000 1.000000 -0.152134 -0.985219 0.078734
-0.244005 -0.940141 0.128838 0.000000 1.000000 -0.152134 -0.985219 0.078734
-0.444466 -0.858837 0.233241 0.000000 0.000000 -0.300415 -0.940969 0.155973
-0.500293 -0.858730 0.031977 1.000000 0.000000 -0.338085 -0.940900 0.020145
-0.274713 -0.940083 0.018122 1.000000 1.000000 -0.171220 -0.985183 0.009917
-0.274713 -0.940083 0.018122 0.000000 1.000000 -0.171220 -0.985183 0.009917
-0.500293 -0.858730 0.031977 0.000000 0.000000 -0.338085 -0.940900 0.020145
-0.469440 -0.858595 -0.174595 1.000000 0.000000 -0.317267 -0.940807 -0.119261
-0.257734 -0.940015 -0.095515 1.000000 1.000000 -0.160663 -0.985138 -0.060755
-0.257734 -0.940015 -0.095515 0.000000 1.000000 -0.160663 -0.985138 -0.060755
-0.469440 -0.858595 -0.174595 0.000000 0.000000 -0.317267 -0.940807 -0.119261
-0.357225 -0.858460 -0.350759 1.000000 0.000000 -0.241516 -0.940720 -0.238153
-0.196009 -0.939928 -0.192425 1.000000 1.000000 -0.122234 -0.985091 -0.121057
-0.196009 -0.939928 -0.192425 0.000000 1.000000 -0.122234 -0.985091 -0.121057
-0.357225 -0.858460 -0.350759 0.000000 0.000000 -0.241516 -0.940720 -0.238153
-0.183053 -0.858333 -0.466049 1.000000 0.000000 -0.123946 -0.940638 -0.315970
-0.100202 -0.939860 -0.255851 1.000000 1.000000 -0.062701 -0.985047 -0.160472
-0.183305 0.999367 -0.464734 0.000000 1.000000 -0.107084 0.956730 -0.270555
-0.090465 1.076427 -0.228982 0.000000 0.000000 -0.054254 0.989181 -0.136297
0.011636 1.076465 -0.246077 1.000000 0.000000 0.006097 0.989203 -0.146427
0.022697 0.999453 -0.499223 1.000000 1.000000 0.012367 0.956786 -0.290530
0.022697 0.999453 -0.499223 0.000000 1.000000 0.012367 0.956786 -0.290530
0.011636 1.076465 -0.246077 0.000000 0.000000 0.006097 0.989203 -0.146427
0.111863 1.076485 -0.220164 1.000000 0.000000 0.065351 0.989214 -0.131091
0.224919 0.999483 -0.446935 1.000000 1.000000 0.148161 0.956596 -0.250941
0.224919 0.999483 -0.446935 0.000000 1.000000 0.148161 0.956596 -0.250941
0.111863 1.076485 -0.220164 0.000000 0.000000 0.065351 0.989214 -0.131091
0.192886 1.076465 -0.155722 1.000000 0.000000 0.127951 0.984329 -0.121346
0.388388 0.999463 -0.316919 1.000000 1.000000 0.224495 0.956796 -0.184778
0.388388 0.999463 -0.316919 0.000000 1.000000 0.224495 0.956796 -0.184778
0.192886 1.076465 -0.155722 0.000000 0.000000 0.127951 0.984329 -0.121346
0.240689 1.076427 -0.063898 1.000000 0.000000 0.141479 0.989182 -0.038756
0.484833 0.999377 -0.131657 1.000000 1.000000 0.280483 0.956741 -0.077311
0.484833 0.999377 -0.131657 0.000000 1.000000 0.280483 0.956741 -0.077311
0.240689 1.076427 -0.063898 0.000000 0.000000 0.141479 0.989182 -0.038756
0.247022 1.076369 0.039432 1.000000 0.000000 0.145226 0.989146 0.022366
0.497597 0.999251 0.076821 1.000000 1.000000 0.287907 0.956661 0.043687
0.497597 0.999251 0.076821 0.000000 1.000000 0.287907 0.956661 0.043687
0.247022 1.076369 0.039432 0.000000 0.000000 0.145226 0.989146 0.022366
0.210764 1.076291 0.136408 1.000000 0.000000 0.123808 0.989100 0.079705
0.424462 0.999106 0.272467 1.000000 1.000000 0.245462 0.956586 0.157134
0.424462 0.999106 0.272467 0.000000 1.000000 0.245462 0.956586 0.157134
0.210764 1.076291 0.136408 0.000000 0.000000 0.123808 0.989100 0.079705
0.138210 1.076224 0.210249 1.000000 0.000000 0.080941 0.989062 0.123309
0.278068 0.998970 0.421443 1.000000 1.000000 0.160553 0.956505 0.243559
0.278068 0.998970 0.421443 0.000000 1.000000 0.160553 0.956505 0.243559
0.138210 1.076224 0.210249 0.000000 0.000000 0.080941 0.989062 0.123309
0.041890 1.076175 0.248189 1.000000 0.000000 0.024010 0.989032 0.145737
0.083746 0.998864 0.498009 1.000000 1.000000 0.047826 0.956443 0.287974
0.083746 0.998864 0.498009 0.000000 1.000000 0.047826 0.956443 0.287974
0.041890 1.076175 0.248189 0.000000 0.000000 0.024010 0.989032 0.145737
-0.061526 1.076146 0.243683 1.000000 0.000000 -0.037136 0.989015 0.143077
-0.124924 0.998806 0.488911 1.000000 1.000000 -0.073231 0.956409 0.282700
-0.124924 0.998806 0.488911 0.000000 1.000000 -0.073231 0.956409 0.282700
-0.061526 1.076146 0.243683 0.000000 0.000000 -0.037136 0.989015 0.143077
-0.154182 1.076146 0.197495 1.000000 0.000000 -0.091900 0.989014 0.115780
-0.311850 0.998806 0.395724 1.000000 1.000000 -0.181675 0.956407 0.228647
-0.311850 0.998806 0.395724 0.000000 1.000000 -0.181675 0.956407 0.228647
-0.154182 1.076146 0.197495 0.000000 0.000000 -0.091900 0.989014 0.115780
-0.220035 1.076175 0.117623 1.000000 0.000000 -0.130839 0.989031 0.068548
-0.444717 0.998864 0.234556 1.000000 1.000000 -0.258772 0.956439 0.135135
-0.444717 0.998864 0.234556 0.000000 1.000000 -0.258772 0.956439 0.135135
-0.220035 1.076175 0.117623 0.000000 0.000000 -0.130839 0.989031 0.068548
-0.247708 1.076224 0.017861 1.000000 0.000000 -0.147198 0.989061 0.009581
-0.500544 0.998970 0.033292 1.000000 1.000000 -0.291133 0.956506 0.018393
-0.500544 0.998970 0.033292 0.000000 1.000000 -0.291133 0.956506 0.018393
-0.247708 1.076224 0.017861 0.000000 0.000000 -0.147198 0.989061 0.009581
-0.232411 1.076291 -0.084531 1.000000 0.000000 -0.138142 0.989101 -0.050942
-0.469682 0.999105 -0.173281 1.000000 1.000000 -0.273227 0.956583 -0.101474
-0.469682 0.999105 -0.173281 0.000000 1.000000 -0.273227 0.956583 -0.101474
-0.232411 1.076291 -0.084531 0.000000 0.000000 -0.138142 0.989101 -0.050942
-0.176787 1.076359 -0.171840 1.000000 0.000000 -0.105287 0.989142 -0.102530
-0.357467 0.999251 -0.349444 1.000000 1.000000 -0.208145 0.956673 -0.203596
-0.357467 0.999251 -0.349444 0.000000 1.000000 -0.208145 0.956673 -0.203596
-0.176787 1.076359 -0.171840 0.000000 0.000000 -0.105287 0.989142 -0.102530
-0.090465 1.076427 -0.228982 1.000000 0.000000 -0.054254 0.989181 -0.136297
-0.183305 0.999367 -0.464734 1.000000 1.000000 -0.107084 0.956730 -0.270555
0.000789 1.076310 0.002652 1.000000 0.000000 -0.000275 1.000000 0.000609
0.011636 1.076465 -0.246077 1.000000 1.000000 0.006097 0.989203 -0.146427
-0.090465 1.076427 -0.228982 0.000000 1.000000 -0.054254 0.989181 -0.136297
0.111863 1.076485 -0.220164 1.000000 1.000000 0.065351 0.989214 -0.131091
0.011636 1.076465 -0.246077 0.000000 1.000000 0.006097 0.989203 -0.146427
0.192886 1.076465 -0.155722 1.000000 1.000000 0.127951 0.984329 -0.121346
0.111863 1.076485 -0.220164 0.000000 1.000000 0.065351 0.989214 -0.131091
0.240689 1.076427 -0.063898 1.000000 1.000000 0.141479 0.989182 -0.038756
0.192886 1.076465 -0.155722 0.000000 1.000000 0.127951 0.984329 -0.121346
0.247022 1.076369 0.039432 1.000000 1.000000 0.145226 0.989146 0.022366
0.240689 1.076427 -0.063898 0.000000 1.000000 0.141479 0.989182 -0.038756
0.210764 1.076291 0.136408 1.000000 1.000000 0.123808 0.989100 0.079705
0.247022 1.076369 0.039432 0.000000 1.000000 0.145226 0.989146 0.022366
0.138210 1.076224 0.210249 1.000000 1.000000 0.080941 0.989062 0.123309
0.210764 1.076291 0.136408 0.000000 1.000000 0.123808 0.989100 0.079705
0.041890 1.076175 0.248189 1.000000 1.000000 0.024010 0.989032 0.145737
0.138210 1.076224 0.210249 0.000000 1.000000 0.080941 0.989062 0.123309
-0.061526 1.076146 0.243683 1.000000 1.000000 -0.037136 0.989015 0.143077
0.041890 1.076175 0.248189 0.000000 1.000000 0.024010 0.989032 0.145737
-0.154182 1.076146 0.197495 1.000000 1.000000 -0.091900 0.989014 0.115780
-0.061526 1.076146 0.243683 0.000000 1.000000 -0.037136 0.989015 0.143077
-0.220035 1.076175 0.117623 1.000000 1.000000 -0.130839 0.989031 0.068548
-0.154182 1.076146 0.197495 0.000000 1.000000 -0.091900 0.989014 0.115780
-0.247708 1.076224 0.017861 1.000000 1.000000 -0.147198 0.989061 0.009581
-0.220035 1.076175 0.117623 0.000000 1.000000 -0.130839 0.989031 0.068548
-0.232411 1.076291 -0.084531 1.000000 1.000000 -0.138142 0.989101 -0.050942
-0.247708 1.076224 0.017861 0.000000 1.000000 -0.147198 0.989061 0.009581
-0.176787 1.076359 -0.171840 1.000000 1.000000 -0.105287 0.989142 -0.102530
-0.232411 1.076291 -0.084531 0.000000 1.000000 -0.138142 0.989101 -0.050942
-0.090465 1.076427 -0.228982 1.000000 1.000000 -0.054254 0.989181 -0.136297
-0.176787 1.076359 -0.171840 0.000000 1.000000 -0.105287 0.989142 -0.102530
0.259746 -0.912014 0.291969 0.000000 0.000000 0.240100 -0.960788 0.138704
0.258644 -0.931990 0.155505 0.000000 1.000000 0.240100 -0.960788 0.138704
0.390022 -0.880282 0.286264 1.000000 0.000000 0.240100 -0.960788 0.138704
0.388920 -0.900257 0.149810 1.000000 1.000000 0.240094 -0.960788 0.138710
0.264454 -0.933489 -0.140600 0.000000 0.000000 0.316090 -0.931564 -0.179651
0.255704 -0.910293 -0.276272 0.000000 1.000000 0.316090 -0.931564 -0.179651
0.391491 -0.890231 -0.141393 1.000000 0.000000 0.316090 -0.931564 -0.179651
0.382742 -0.867035 -0.277064 1.000000 1.000000 0.316089 -0.931565 -0.179650
-0.276927 -0.929002 0.153997 0.000000 0.000000 -0.301622 -0.933908 0.191940
-0.268331 -0.903960 0.289349 0.000000 1.000000 -0.301622 -0.933908 0.191940
-0.404612 -0.887668 0.154461 1.000000 0.000000 -0.301622 -0.933908 0.191940
-0.396016 -0.862626 0.289813 1.000000 1.000000 -0.301622 -0.933908 0.191940
-0.277216 -0.926450 -0.144313 0.000000 0.000000 -0.295861 -0.935980 -0.190806
-0.405182 -0.885986 -0.144380 1.000000 0.000000 -0.295861 -0.935980 -0.190806
-0.269220 -0.901378 -0.279694 0.000000 1.000000 -0.295861 -0.935980 -0.190806
-0.397186 -0.860925 -0.279762 1.000000 1.000000 -0.295799 -0.936014 -0.190740
-0.070557 -0.888384 0.468917 0.000000 0.000000 0.002036 -0.946858 0.321645
-0.070703 -0.932744 0.338330 0.000000 1.000000 0.002036 -0.946858 0.321645
0.063645 -0.888171 0.468694 1.000000 0.000000 0.002036 -0.946858 0.321645
0.063500 -0.932531 0.338108 1.000000 1.000000 0.002031 -0.946857 0.321649
-0.071862 -0.919130 -0.336614 0.000000 0.000000 0.000933 -0.941700 -0.336453
-0.072152 -0.872730 -0.466484 0.000000 1.000000 0.000933 -0.941700 -0.336453
0.062339 -0.918918 -0.336836 1.000000 0.000000 0.000933 -0.941700 -0.336453
0.062050 -0.872517 -0.466716 1.000000 1.000000 0.000912 -0.941707 -0.336433
-0.004191 -1.537359 -0.176761 0.500000 0.500000 0.001044 -0.999978 0.006558
-0.108758 -1.538712 -0.366500 0.950034 0.277701 0.001044 -0.999978 0.006558
-0.016074 -1.538790 -0.393079 0.999500 0.500000 0.001044 -0.999978 0.006558
-0.180723 -1.538364 -0.302338 0.811434 0.099432 0.001022 -0.999978 0.006570
-0.217735 -1.537823 -0.213309 0.611149 0.000500 0.001057 -0.999978 0.006521
-0.212446 -1.537184 -0.117037 0.388851 0.000499 0.001048 -0.999978 0.006575
-0.165901 -1.536585 -0.032591 0.188567 0.099432 0.001033 -0.999978 0.006524
-0.087342 -1.536131 0.023294 0.049966 0.277701 0.001095 -0.999978 0.006593
0.007702 -1.535927 0.039558 0.000499 0.500000 0.001013 -0.999978 0.006559
0.100376 -1.536005 0.012978 0.049966 0.722299 0.001045 -0.999978 0.006558
0.172350 -1.536353 -0.051184 0.188566 0.900568 0.001022 -0.999978 0.006570
0.209353 -1.536904 -0.140213 0.388851 0.999500 0.001009 -0.999978 0.006538
0.204064 -1.537533 -0.236484 0.611149 0.999501 0.001043 -0.999978 0.006549
0.157528 -1.538142 -0.320922 0.811433 0.900568 0.001065 -0.999977 0.006626
0.078960 -1.538587 -0.376806 0.950034 0.722299 0.001001 -0.999978 0.006555
-0.005787 -1.565495 0.045949 0.500000 0.000500 0.001613 -0.999999 -0.000033
-0.077964 -1.565611 0.033911 0.662744 0.027750 0.001647 -0.999999 0.000057
-0.066545 -1.565591 0.000641 0.636992 0.103019 0.001695 -0.999999 -0.000004
-0.005787 -1.565495 0.010774 0.500000 0.080081 0.001588 -0.999999 0.000000
-0.005854 -1.525621 0.010774 0.500000 0.080081 -0.001668 0.999999 -0.000014
-0.066613 -1.525727 0.000641 0.636992 0.103019 -0.001703 0.999999 0.000034
-0.078031 -1.525746 0.033911 0.662744 0.027750 -0.001748 0.999998 -0.000029
-0.005844 -1.525621 0.045949 0.500000 0.000500 -0.001663 0.999999 0.000000
-0.142328 -1.565717 -0.000915 0.807851 0.106547 0.001613 -0.999999 0.000126
-0.120729 -1.565688 -0.028674 0.759138 0.169348 0.001664 -0.999999 0.000102
-0.120796 -1.525814 -0.028674 0.759138 0.169348 -0.001658 0.999999 0.000097
-0.142396 -1.525853 -0.000915 0.807851 0.106547 -0.001658 0.999999 0.000097
-0.191900 -1.565803 -0.054751 0.919598 0.228353 0.001677 -0.999999 0.000072
-0.162449 -1.565756 -0.073992 0.853203 0.271880 0.001579 -0.999999 0.000099
-0.162517 -1.525881 -0.073992 0.853203 0.271880 -0.001636 0.999999 0.000017
-0.191968 -1.525930 -0.054751 0.919598 0.228353 -0.001636 0.999999 0.000017
-0.221303 -1.565852 -0.121765 0.985875 0.379968 0.001696 -0.999999 -0.000020
-0.187200 -1.565794 -0.130409 0.908993 0.399504 0.001696 -0.999999 -0.000020
-0.187269 -1.525920 -0.130409 0.908993 0.399504 -0.001699 0.999999 0.000063
-0.221370 -1.525978 -0.121765 0.985875 0.379968 -0.001699 0.999999 0.000063
-0.227355 -1.565862 -0.194696 0.999501 0.544961 0.001720 -0.999999 0.000016
-0.192296 -1.565803 -0.191796 0.920462 0.538390 0.001669 -0.999999 -0.000001
-0.192364 -1.525930 -0.191796 0.920462 0.538390 -0.001732 0.999998 0.000001
-0.227413 -1.525988 -0.194696 0.999501 0.544961 -0.001653 0.999999 -0.000026
-0.209391 -1.565833 -0.265636 0.958997 0.705454 0.001680 -0.999999 0.000042
-0.177175 -1.565775 -0.251510 0.886367 0.673487 0.001739 -0.999998 0.000104
-0.177242 -1.525901 -0.251510 0.886367 0.673487 -0.001647 0.999999 -0.000000
-0.209458 -1.525959 -0.265636 0.958997 0.705454 -0.001733 0.999998 0.000008
-0.169372 -1.565765 -0.326906 0.868754 0.844055 0.001626 -0.999999 -0.000029
-0.143488 -1.565727 -0.303082 0.810404 0.790156 0.001635 -0.999999 0.000047
-0.143556 -1.525853 -0.303082 0.810404 0.790156 -0.001618 0.999999 0.000032
-0.169439 -1.525892 -0.326906 0.868754 0.844055 -0.001619 0.999999 0.000006
-0.111630 -1.565668 -0.371866 0.738551 0.945744 0.001689 -0.999999 0.000023
-0.094884 -1.565640 -0.340926 0.700804 0.875754 0.001670 -0.999999 -0.000077
-0.094951 -1.525766 -0.340926 0.700804 0.875754 -0.001714 0.999999 0.000012
-0.111698 -1.525794 -0.371866 0.738551 0.945744 -0.001687 0.999999 0.000062
-0.042411 -1.565552 -0.395632 0.582497 0.999500 0.001623 -0.999999 0.000017
-0.036620 -1.565543 -0.360930 0.569443 0.921005 0.001623 -0.999999 0.000017
-0.036687 -1.525669 -0.360930 0.569443 0.921005 -0.001655 0.999999 0.000003
-0.042480 -1.525678 -0.395632 0.582497 0.999500 -0.001655 0.999999 0.000003
0.030771 -1.565436 -0.395641 0.417503 0.999500 0.001585 -0.999999 -0.000009
0.024980 -1.565446 -0.360941 0.430557 0.921005 0.001585 -0.999999 -0.000009
0.024912 -1.525572 -0.360941 0.430557 0.921005 -0.001625 0.999999 -0.000012
0.030704 -1.525563 -0.395641 0.417503 0.999500 -0.001625 0.999999 -0.000012
0.099979 -1.565320 -0.371885 0.261449 0.945743 0.001724 -0.999999 -0.000063
0.083243 -1.565349 -0.340946 0.299196 0.875754 0.001680 -0.999999 -0.000012
0.083175 -1.525476 -0.340946 0.299196 0.875754 -0.001691 0.999999 0.000094
0.099921 -1.525446 -0.371885 0.261449 0.945743 -0.001668 0.999999 0.000034
0.157741 -1.565224 -0.326935 0.131246 0.844055 0.001768 -0.999998 -0.000114
0.131857 -1.565272 -0.303111 0.189596 0.790156 0.001694 -0.999999 -0.000080
0.131790 -1.525398 -0.303111 0.189596 0.790156 -0.001742 0.999998 0.000093
0.157673 -1.525350 -0.326935 0.131246 0.844055 -0.001701 0.999999 0.000088
0.197769 -1.565156 -0.265674 0.041003 0.705454 0.001714 -0.999999 -0.000034
0.165553 -1.565214 -0.251549 0.113632 0.673487 0.001775 -0.999998 -0.000058
0.165495 -1.525340 -0.251549 0.113632 0.673487 -0.001715 0.999999 -0.000016
0.197702 -1.525283 -0.265674 0.041003 0.705454 -0.001771 0.999998 0.000033
0.215744 -1.565127 -0.194735 0.000499 0.544961 0.001654 -0.999999 -0.000010
0.180685 -1.565185 -0.191834 0.079538 0.538389 0.001733 -0.999998 0.000008
0.180617 -1.525311 -0.191825 0.079538 0.538389 -0.001660 0.999999 -0.000065
0.215675 -1.525253 -0.194735 0.000499 0.544961 -0.001715 0.999999 -0.000016
0.209701 -1.565136 -0.121804 0.014125 0.379968 0.001699 -0.999999 0.000010
0.175609 -1.565195 -0.130438 0.091007 0.399504 0.001699 -0.999999 0.000010
0.175541 -1.525321 -0.130438 0.091007 0.399504 -0.001706 0.999999 0.000022
0.209643 -1.525263 -0.121804 0.014125 0.379968 -0.001706 0.999999 0.000022
0.180317 -1.565185 -0.054790 0.080402 0.228353 0.001607 -0.999999 -0.000088
0.150866 -1.565233 -0.074021 0.146797 0.271880 0.001648 -0.999999 -0.000001
0.150799 -1.525360 -0.074021 0.146797 0.271880 -0.001730 0.999999 -0.000004
0.180250 -1.525311 -0.054790 0.080402 0.228353 -0.001627 0.999999 -0.000031
0.130755 -1.565272 -0.000945 0.192149 0.106547 0.001611 -0.999999 -0.000086
0.109146 -1.565301 -0.028694 0.240862 0.169348 0.001601 -0.999999 -0.000079
0.109078 -1.525437 -0.028694 0.240862 0.169348 -0.001728 0.999999 -0.000003
0.130688 -1.525398 -0.000945 0.192149 0.106547 -0.001740 0.999998 0.000001
0.066400 -1.565379 0.033891 0.337257 0.027750 0.001656 -0.999999 0.000002
0.054972 -1.565398 0.000621 0.363008 0.103019 0.001654 -0.999999 -0.000119
0.054904 -1.525524 0.000621 0.363008 0.103019 -0.001622 0.999999 -0.000029
0.066333 -1.525505 0.033891 0.337257 0.027750 -0.001622 0.999999 -0.000029

Indices: 
0 1 2 0 2 3 4 5 6 4 6 7 8 9 10 8 10 11 12 13 14 12 14 15 16 17 18 16 18 19 20 21 22 20 22 23 24 25 26 24 26 27 28 29 30 28 30 31 32 33 34 32 34 35 36 37 38 36 38 39 40 41 42 40 43 44 40 45 46 40 47 48 40 49 50 40 51 52 40 53 54 40 55 56 40 57 58 40 59 60 61 62 63 61 63 64 65 66 67 65 67 68 69 70 71 69 71 72 73 74 75 73 75 76 77 78 79 77 79 80 81 82 83 81 83 84 85 86 87 85 87 88 89 90 91 89 91 92 93 94 95 93 95 96 97 98 99 97 99 100 101 102 103 101 104 105 101 106 107 101 108 109 101 110 111 101 112 113 101 114 115 101 116 117 101 118 119 101 120 121 122 123 124 122 124 125 125 124 126 125 126 127 127 126 128 127 128 129 129 128 130 129 130 131 131 130 132 131 132 133 133 132 134 133 134 135 135 134 136 135 136 137 137 136 138 137 138 139 139 138 140 139 140 141 141 140 142 141 142 143 143 142 144 143 144 145 145 144 146 145 146 147 147 146 148 147 148 149 149 148 123 149 123 122 150 151 152 150 152 153 154 155 156 154 156 157 157 156 158 157 158 159 159 158 160 159 160 161 161 160 162 161 162 163 163 162 164 163 164 165 165 164 166 165 166 167 167 166 168 167 168 169 169 168 170 169 170 171 171 170 172 171 172 173 173 172 174 173 174 175 175 174 176 175 176 177 177 176 178 177 178 179 179 178 180 179 180 181 181 180 151 181 151 150 182 183 184 182 184 185 186 187 188 186 188 189 190 191 192 190 192 193 194 195 196 194 196 197 198 199 200 198 200 201 202 203 204 202 204 205 206 207 208 206 208 209 210 211 212 210 212 213 214 215 216 214 216 217 218 219 220 218 220 221 222 223 224 222 224 225 226 227 228 226 228 229 230 231 232 230 232 233 234 235 236 234 236 237 238 239 240 238 240 241 242 243 244 242 244 245 246 247 248 246 248 249 250 251 252 250 252 253 254 255 256 254 256 257 258 259 260 258 260 261 262 263 264 262 264 265 266 267 268 266 268 269 270 271 272 270 272 273 274 275 276 274 276 277 278 279 280 278 280 281 282 283 284 282 284 285 286 287 288 286 288 289 290 291 292 290 292 293 294 295 296 294 296 297 298 299 300 298 300 301 302 303 304 302 304 305 306 307 308 306 308 309 310 311 312 310 312 313 314 315 316 314 316 317 318 319 320 318 320 321 322 323 324 322 324 325 326 327 328 326 328 329 330 331 332 330 332 333 334 335 336 336 337 334 338 339 340 340 341 338 342 343 344 344 345 342 346 347 348 348 349 346 350 351 352 352 353 350 354 355 356 356 357 354 358 359 360 360 361 358 362 363 364 364 365 362 366 367 368 368 369 366 370 371 372 372 373 370 374 375 376 376 377 374 378 379 380 380 381 378 382 383 384 384 385 382 386 387 388 388 389 386 390 391 392 392 393 390 394 395 396 396 397 394 398 399 400 399 398 401 402 403 404 403 402 405 406 407 408 407 406 409 410 411 412 411 410 413 414 415 416 415 414 417 418 419 420 419 418 421 422 423 424 423 422 425 426 427 428 427 426 429 430 431 432 431 430 433 434 435 436 435 434 437 438 439 440 439 438 441 442 443 444 443 442 445 446 447 448 447 446 449 450 451 452 451 450 453 454 455 456 455 454 457 458 459 460 459 458 461 462 463 464 463 462 465 466 467 468 467 466 469 470 471 472 471 470 473 474 475 476 475 474 477 478 479 480 480 481 478 482 483 484 484 485 482 486 487 488 488 489 486 490 491 492 492 493 490 494 495 496 494 497 498 494 499 500 494 501 502 494 503 504 494 505 506 494 507 508 494 509 510 494 511 512 494 513 514 494 515 516 494 517 518 494 519 520 494 521 522 494 523 524 525 526 527 525 527 528 529 530 531 529 531 532 533 534 535 533 535 536 537 538 539 537 539 540 541 542 543 541 543 544 545 546 547 545 547 548 549 550 551 549 551 552 553 554 555 553 555 556 557 558 559 557 559 560 561 562 563 561 563 564 565 566 567 565 567 568 569 570 571 569 571 572 573 574 575 573 575 576 577 578 579 577 579 580 581 582 583 581 583 584 585 586 587 585 587 588 589 590 591 589 591 592 593 594 595 593 595 596 597 598 599 597 599 600 601 602 603 601 603 604 605 606 607 605 607 608 609 610 611 609 611 612 613 614 615 613 615 616 617 618 619 617 619 620 621 622 623 621 623 624 625 626 627 625 627 628 629 630 631 629 631 632 633 634 635 633 635 636 637 638 639 637 639 640 641 642 643 641 643 644 645 646 647 645 648 649 645 650 651 645 652 653 645 654 655 645 656 657 645 658 659 645 660 661 645 662 663 645 664 665 645 666 667 645 668 669 645 670 671 645 672 673 645 674 675 676 677 678 679 678 677 680 681 682 683 682 681 684 685 686 687 686 685 688 689 690 691 690 689 692 693 694 695 694 693 696 697 698 699 698 697 700 701 702 700 703 701 700 704 703 700 705 704 700 706 705 700 707 706 700 708 707 700 709 708 700 710 709 700 711 710 700 712 711 700 713 712 700 714 713 700 702 714 715 716 717 715 717 718 719 720 721 719 721 722 716 723 724 716 724 717 720 725 726 720 726 721 723 727 728 723 728 724 725 729 730 725 730 726 727 731 732 727 732 728 729 733 734 729 734 730 731 735 736 731 736 732 733 737 738 733 738 734 735 739 740 735 740 736 737 741 742 737 742 738 739 743 744 739 744 740 741 745 746 741 746 742 743 747 748 743 748 744 745 749 750 745 750 746 747 751 752 747 752 748 749 753 754 749 754 750 751 755 756 751 756 752 753 757 758 753 758 754 755 759 760 755 760 756 757 761 762 757 762 758 759 763 764 759 764 760 761 765 766 761 766 762 763 767 768 763 768 764 765 769 770 765 770 766 767 771 772 767 772 768 769 773 774 769 774 770 771 775 776 771 776 772 773 777 778 773 778 774 775 779 780 775 780 776 777 781 782 777 782 778 779 783 784 779 784 780 781 785 786 781 786 782 783 787 788 783 788 784 785 789 790 785 790 786 787 715 718 787 718 788 789 719 722 789 722 790 