Indexed mesh of 336 triangles 
Vertex Count: 529
Index Count: 1008
Material Count: 4
Texture Count: 4
Scale in meters: 1
Has transparencies: 0

Texture 0: models\iss_parts\textures\ISSBSO2.BMP
Texture 1: models\iss_parts\textures\ISSBSO.BMP
Texture 2: models\iss_parts\textures\ISSMOD.BMP
Texture 3: models\iss_parts\textures\METALCON.BMP

Group name: iss_metalc.001
Material name: metalcon_with_Te
Material Start: 0
Material Size: 372
Diffuse map: 3
Light map: 0
Ilumination: 0
Diffuse color: 1 1 1
Specular power: 400
Transparency: 1

Group name: iss_metalc.001
Material name: issbso2_with_Tex
Material Start: 372
Material Size: 24
Diffuse map: 0
Light map: 0
Ilumination: 0
Diffuse color: 1 1 1
Specular power: 800
Transparency: 1

Group name: iss_metalc.001
Material name: issbso_with_Tex:
Material Start: 396
Material Size: 48
Diffuse map: 1
Light map: 0
Ilumination: 0
Diffuse color: 1 1 1
Specular power: 800
Transparency: 1

Group name: iss_metalc.001
Material name: issmod_with_Tex:
Material Start: 444
Material Size: 564
Diffuse map: 2
Light map: 0
Ilumination: 0
Diffuse color: 1 1 1
Specular power: 400
Transparency: 1

Vertex format {	3Dvector POSITION; 2Dvector TEXTURE; 3Dvector NORMAL }

Vertices:

0.016248 0.000201 0.498343 0.020323 0.999434 0.999999 0.001603 -0.000091
0.016242 0.000201 0.438026 0.938697 0.999310 0.999999 0.001647 -0.000086
0.014733 0.006765 0.438026 0.938852 0.949856 0.900270 0.435332 -0.000082
0.014739 0.006765 0.498343 0.020478 0.949980 0.900270 0.435332 -0.000082
0.010525 0.012024 0.438027 0.938973 0.811278 0.622256 0.782814 -0.000060
0.010531 0.012024 0.498343 0.020599 0.811402 0.622301 0.782778 -0.000067
0.004452 0.014937 0.438027 0.939036 0.611022 0.221020 0.975269 -0.000024
0.004458 0.014937 0.498344 0.020662 0.611146 0.220988 0.975276 -0.000020
-0.002282 0.014927 0.438028 0.939030 0.388751 -0.224078 0.974571 0.000020
-0.002277 0.014927 0.498344 0.020656 0.388875 -0.224078 0.974571 0.000020
-0.008346 0.011994 0.438028 0.938955 0.188489 -0.624795 0.780789 0.000064
-0.008340 0.011994 0.498346 0.020581 0.188613 -0.682207 0.731159 0.000067
-0.012537 0.006722 0.438030 0.938826 0.049901 -0.866238 0.499631 0.000078
-0.012531 0.006722 0.498346 0.020452 0.050022 -0.931856 0.362828 0.000087
-0.014026 0.000154 0.438030 0.938669 0.000435 -0.997236 0.074297 0.000099
-0.014019 0.000152 0.498346 0.020295 0.000555 -0.999999 -0.001630 0.000108
-0.012517 -0.006411 0.438030 0.938514 0.049885 -0.900287 -0.435296 0.000094
-0.012510 -0.006411 0.498346 0.020140 0.050009 -0.900276 -0.435319 0.000097
-0.008308 -0.011670 0.438028 0.938393 0.188463 -0.622221 -0.782841 0.000063
-0.008303 -0.011670 0.498346 0.020019 0.188587 -0.622267 -0.782805 0.000057
-0.002236 -0.014582 0.438028 0.938330 0.388722 -0.220955 -0.975284 0.000020
-0.002230 -0.014582 0.498344 0.019956 0.388843 -0.220955 -0.975284 0.000020
0.004500 -0.014571 0.438027 0.938336 0.610990 0.224013 -0.974586 -0.000019
0.004504 -0.014571 0.498344 0.019962 0.611114 0.224013 -0.974586 -0.000019
0.010564 -0.011640 0.438027 0.938411 0.811252 0.624697 -0.780867 -0.000052
0.010569 -0.011640 0.498343 0.020037 0.811376 0.624697 -0.780867 -0.000052
0.014755 -0.006367 0.438026 0.938540 0.949843 0.901684 -0.432396 -0.000074
0.014760 -0.006367 0.498343 0.020166 0.949964 0.901694 -0.432376 -0.000071
-0.171460 -0.003132 0.446124 0.000249 1.730139 0.001585 -0.999999 -0.000005
-0.007177 -0.002871 0.438738 0.499750 -4.688562 0.001585 -0.999999 -0.000005
-0.012915 -0.002880 0.445862 0.000252 -4.463908 0.001583 -0.999999 -0.000058
-0.177223 -0.003141 0.439019 0.499747 1.954794 0.001588 -0.999999 0.000049
-0.171471 0.003134 0.446124 0.000249 1.730139 -0.001482 0.997968 0.063707
-0.007188 0.003850 0.438738 0.499750 -4.688562 -0.001482 0.997968 0.063707
-0.177233 0.003579 0.439019 0.499747 1.954794 -0.001482 0.997968 0.063707
-0.012925 0.003386 0.445862 0.000252 -4.463908 -0.001481 0.997966 0.063732
-0.171460 -0.003132 0.446124 0.499750 0.731085 -0.776664 -0.001214 0.629914
-0.177233 0.003579 0.439019 0.000250 0.955740 -0.776664 -0.001214 0.629914
-0.177223 -0.003141 0.439019 0.499750 0.955740 -0.776664 -0.001214 0.629914
-0.171471 0.003134 0.446124 0.034032 0.731085 -0.776705 -0.001302 0.629864
-0.177223 -0.003141 0.439019 0.000160 0.960886 -0.001655 -0.000003 -0.999999
-0.007188 0.003850 0.438738 0.319840 -5.682469 -0.001655 -0.000003 -0.999999
-0.007177 -0.002871 0.438738 0.000160 -5.682469 -0.001655 -0.000003 -0.999999
-0.177233 0.003579 0.439019 0.319840 0.960886 -0.001655 -0.000003 -0.999999
-0.012915 -0.002880 0.445862 0.499750 -5.462961 0.001653 0.000003 0.999999
-0.171471 0.003134 0.446124 0.034032 0.731085 0.001653 0.000003 0.999999
-0.171460 -0.003132 0.446124 0.499750 0.731085 0.001653 0.000003 0.999999
-0.012925 0.003386 0.445862 0.034032 -5.462961 0.001653 0.000003 0.999999
0.014642 -0.002837 0.445817 0.000249 1.730139 0.001589 -0.999999 0.000000
0.178926 -0.002576 0.438430 0.499750 -4.688562 0.001589 -0.999999 0.000000
0.173188 -0.002585 0.445555 0.000252 -4.463908 0.001593 -0.999999 0.000090
0.008880 -0.002845 0.438711 0.499747 1.954794 0.001585 -0.999999 -0.000089
0.014633 0.003429 0.445817 0.000249 1.730139 -0.001482 0.997963 0.063772
0.178916 0.004145 0.438430 0.499750 -4.688562 -0.001482 0.997963 0.063772
0.008870 0.003875 0.438711 0.499747 1.954794 -0.001482 0.997963 0.063772
0.173177 0.003682 0.445555 0.000252 -4.463908 -0.001484 0.997966 0.063730
0.008880 -0.002845 0.438711 0.000160 0.960886 -0.001652 -0.000003 -0.999999
0.178916 0.004145 0.438430 0.319840 -5.682469 -0.001652 -0.000003 -0.999999
0.178926 -0.002576 0.438430 0.000160 -5.682469 -0.001652 -0.000003 -0.999999
0.008870 0.003875 0.438711 0.319840 0.960886 -0.001652 -0.000003 -0.999999
0.178926 -0.002576 0.438430 0.499750 -5.687615 0.778783 0.001292 0.627292
0.173177 0.003682 0.445555 0.034032 -5.462961 0.778783 0.001292 0.627292
0.173188 -0.002585 0.445555 0.499750 -5.462961 0.778815 0.001367 0.627252
0.178916 0.004145 0.438430 0.000250 -5.687615 0.778751 0.001217 0.627332
0.173188 -0.002585 0.445555 0.499750 -5.462961 0.001653 0.000003 0.999999
0.014633 0.003429 0.445817 0.034032 0.731085 0.001653 0.000003 0.999999
0.014642 -0.002837 0.445817 0.499750 0.731085 0.001653 0.000003 0.999999
0.173177 0.003682 0.445555 0.034032 -5.462961 0.001653 0.000003 0.999999
0.172158 -0.002586 -0.496300 0.000249 1.730139 0.001589 -0.999999 0.000000
0.007874 -0.002847 -0.488914 0.499750 -4.688562 0.001589 -0.999999 0.000000
0.013612 -0.002838 -0.496038 0.000252 -4.463908 0.001593 -0.999999 0.000090
0.177920 -0.002577 -0.489194 0.499747 1.954794 0.001585 -0.999999 -0.000089
0.172148 0.003680 -0.496300 0.000249 1.730139 -0.001691 0.997960 -0.063815
0.007864 0.003874 -0.488914 0.499750 -4.688562 -0.001691 0.997960 -0.063815
0.177909 0.004144 -0.489194 0.499747 1.954794 -0.001693 0.997957 -0.063866
0.013603 0.003429 -0.496038 0.000252 -4.463908 -0.001688 0.997964 -0.063763
0.172158 -0.002586 -0.496300 0.499750 0.731085 0.776739 0.001213 -0.629821
0.177909 0.004144 -0.489194 0.000250 0.955740 0.776739 0.001213 -0.629821
0.177920 -0.002577 -0.489194 0.499750 0.955740 0.776739 0.001213 -0.629821
0.172148 0.003680 -0.496300 0.034032 0.731085 0.776698 0.001302 -0.629871
0.177920 -0.002577 -0.489194 0.000160 0.960886 0.001652 0.000003 0.999999
0.007864 0.003874 -0.488914 0.319840 -5.682469 0.001652 0.000003 0.999999
0.007874 -0.002847 -0.488914 0.000160 -5.682469 0.001652 0.000003 0.999999
0.177909 0.004144 -0.489194 0.319840 0.960886 0.001652 0.000003 0.999999
0.013612 -0.002838 -0.496038 0.499750 -5.462961 -0.001653 -0.000003 -0.999999
0.172148 0.003680 -0.496300 0.034032 0.731085 -0.001653 -0.000003 -0.999999
0.172158 -0.002586 -0.496300 0.499750 0.731085 -0.001653 -0.000003 -0.999999
0.013603 0.003429 -0.496038 0.034032 -5.462961 -0.001653 -0.000003 -0.999999
-0.013945 -0.002881 -0.495992 0.000249 1.730139 0.001589 -0.999999 0.000000
-0.178229 -0.003142 -0.488606 0.499750 -4.688562 0.001589 -0.999999 0.000000
-0.172490 -0.003134 -0.495731 0.000252 -4.463908 0.001593 -0.999999 0.000090
-0.008183 -0.002873 -0.488887 0.499747 1.954794 0.001585 -0.999999 -0.000089
-0.013955 0.003385 -0.495992 0.000249 1.730139 -0.001693 0.997966 -0.063730
-0.178240 0.003578 -0.488606 0.499750 -4.688562 -0.001693 0.997966 -0.063730
-0.008194 0.003848 -0.488887 0.499747 1.954794 -0.001693 0.997966 -0.063730
-0.172500 0.003132 -0.495731 0.000252 -4.463908 -0.001695 0.997963 -0.063768
-0.008183 -0.002873 -0.488887 0.000160 0.960886 0.001652 0.000003 0.999999
-0.178240 0.003578 -0.488606 0.319840 -5.682469 0.001652 0.000003 0.999999
-0.178229 -0.003142 -0.488606 0.000160 -5.682469 0.001652 0.000003 0.999999
-0.008194 0.003848 -0.488887 0.319840 0.960886 0.001652 0.000003 0.999999
-0.178229 -0.003142 -0.488606 0.499750 -5.687615 -0.778789 -0.001181 -0.627285
-0.172500 0.003132 -0.495731 0.034032 -5.462961 -0.778789 -0.001181 -0.627285
-0.172490 -0.003134 -0.495731 0.499750 -5.462961 -0.778789 -0.001181 -0.627285
-0.178240 0.003578 -0.488606 0.000250 -5.687615 -0.778773 -0.001217 -0.627304
-0.172490 -0.003134 -0.495731 0.499750 -5.462961 -0.001649 -0.000003 -0.999999
-0.013955 0.003385 -0.495992 0.034032 0.731085 -0.001649 -0.000003 -0.999999
-0.013945 -0.002881 -0.495992 0.499750 0.731085 -0.001649 -0.000003 -0.999999
-0.172500 0.003132 -0.495731 0.034032 -5.462961 -0.001649 -0.000003 -0.999999
0.001244 0.000167 -0.497919 0.000000 -0.520000 -0.000093 -0.000001 -1.000000
-0.014044 0.000142 -0.497917 0.000000 1.000000 -0.000131 -0.000000 -1.000000
-0.012540 0.006777 -0.497917 0.580000 1.000000 -0.000151 -0.000011 -1.000000
-0.012540 0.006777 -0.497917 0.000000 1.000000 -0.000151 -0.000011 -1.000000
-0.008306 0.012104 -0.497918 0.580000 1.000000 -0.000100 0.000004 -1.000000
-0.008306 0.012104 -0.497918 0.000000 1.000000 -0.000100 0.000004 -1.000000
-0.002181 0.015066 -0.497918 0.580000 1.000000 -0.000088 0.000047 -1.000000
-0.002181 0.015066 -0.497918 0.000000 1.000000 -0.000088 0.000047 -1.000000
0.004622 0.015076 -0.497919 0.580000 1.000000 -0.000074 0.000017 -1.000000
0.004622 0.015076 -0.497919 0.000000 1.000000 -0.000074 0.000017 -1.000000
0.010758 0.012134 -0.497919 0.580000 1.000000 -0.000059 0.000047 -1.000000
0.010758 0.012134 -0.497919 0.000000 1.000000 -0.000059 0.000047 -1.000000
0.015008 0.006821 -0.497920 0.580000 1.000000 -0.000092 0.000039 -1.000000
0.015008 0.006821 -0.497920 0.000000 1.000000 -0.000092 0.000039 -1.000000
0.016533 0.000191 -0.497920 0.580000 1.000000 -0.000065 -0.000000 -1.000000
0.016533 0.000191 -0.497920 0.000000 1.000000 -0.000065 -0.000000 -1.000000
0.015029 -0.006445 -0.497920 0.580000 1.000000 -0.000092 -0.000040 -1.000000
0.015029 -0.006445 -0.497920 0.000000 1.000000 -0.000092 -0.000040 -1.000000
0.010796 -0.011772 -0.497919 0.580000 1.000000 -0.000059 -0.000047 -1.000000
0.010796 -0.011772 -0.497919 0.000000 1.000000 -0.000059 -0.000047 -1.000000
0.004670 -0.014733 -0.497919 0.580000 1.000000 -0.000073 -0.000017 -1.000000
0.004670 -0.014733 -0.497919 0.000000 1.000000 -0.000073 -0.000017 -1.000000
-0.002133 -0.014745 -0.497918 0.580000 1.000000 -0.000088 -0.000047 -1.000000
-0.002133 -0.014745 -0.497918 0.000000 1.000000 -0.000088 -0.000047 -1.000000
-0.008268 -0.011801 -0.497918 0.580000 1.000000 -0.000100 -0.000004 -1.000000
-0.008268 -0.011801 -0.497918 0.000000 1.000000 -0.000100 -0.000004 -1.000000
-0.012519 -0.006489 -0.497917 0.580000 1.000000 -0.000151 0.000011 -1.000000
-0.012519 -0.006489 -0.497917 0.000000 1.000000 -0.000151 0.000011 -1.000000
-0.014044 0.000142 -0.497917 0.580000 1.000000 -0.000131 -0.000000 -1.000000
0.001201 0.000167 -0.488555 0.020000 -0.630000 0.000065 -0.000015 1.000000
-0.012583 0.006777 -0.488553 0.020000 1.000000 0.000151 0.000011 1.000000
-0.014087 0.000142 -0.488553 0.000000 1.000000 0.000131 0.000000 1.000000
-0.008349 0.012104 -0.488554 0.020000 1.000000 0.000159 0.000043 1.000000
-0.012583 0.006777 -0.488553 0.000000 1.000000 0.000151 0.000011 1.000000
-0.002224 0.015066 -0.488555 0.020000 1.000000 0.000073 0.000017 1.000000
-0.008349 0.012104 -0.488554 0.000000 1.000000 0.000159 0.000043 1.000000
0.004580 0.015076 -0.488555 0.020000 1.000000 0.000074 -0.000017 1.000000
-0.002224 0.015066 -0.488555 0.000000 1.000000 0.000073 0.000017 1.000000
0.010714 0.012134 -0.488556 0.020000 1.000000 0.000100 0.000004 1.000000
0.004580 0.015076 -0.488555 0.000000 1.000000 0.000074 -0.000017 1.000000
0.014965 0.006821 -0.488556 0.020000 1.000000 0.000059 0.000028 1.000000
0.010714 0.012134 -0.488556 0.000000 1.000000 0.000100 0.000004 1.000000
0.016490 0.000191 -0.488556 0.020000 1.000000 0.000065 0.000000 1.000000
0.014965 0.006821 -0.488556 0.000000 1.000000 0.000059 0.000028 1.000000
0.014986 -0.006445 -0.488556 0.020000 1.000000 0.000059 -0.000028 1.000000
0.016490 0.000191 -0.488556 0.000000 1.000000 0.000065 0.000000 1.000000
0.010752 -0.011772 -0.488556 0.020000 1.000000 0.000100 -0.000004 1.000000
0.014986 -0.006445 -0.488556 0.000000 1.000000 0.000059 -0.000028 1.000000
0.004627 -0.014733 -0.488555 0.020000 1.000000 0.000073 0.000017 1.000000
0.010752 -0.011772 -0.488556 0.000000 1.000000 0.000100 -0.000004 1.000000
-0.002177 -0.014745 -0.488555 0.020000 1.000000 0.000074 -0.000017 1.000000
0.004627 -0.014733 -0.488555 0.000000 1.000000 0.000073 0.000017 1.000000
-0.008311 -0.011801 -0.488554 0.020000 1.000000 0.000159 -0.000043 1.000000
-0.002177 -0.014745 -0.488555 0.000000 1.000000 0.000074 -0.000017 1.000000
-0.012562 -0.006489 -0.488553 0.020000 1.000000 0.000151 -0.000011 1.000000
-0.008311 -0.011801 -0.488554 0.000000 1.000000 0.000159 -0.000043 1.000000
-0.014087 0.000142 -0.488553 0.020000 1.000000 0.000131 0.000000 1.000000
-0.012562 -0.006489 -0.488553 0.000000 1.000000 0.000151 -0.000011 1.000000
-0.014044 0.000142 -0.497917 0.657905 -0.011678 -0.999988 -0.001570 -0.004645
-0.014087 0.000142 -0.488553 0.169747 -0.012729 -0.999988 -0.001570 -0.004646
-0.012583 0.006777 -0.488553 0.170049 0.037972 -0.901632 0.432485 -0.004188
-0.012540 0.006777 -0.497917 0.658206 0.039023 -0.901632 0.432485 -0.004188
-0.008349 0.012104 -0.488554 0.170296 0.180015 -0.624748 0.780821 -0.002902
-0.008306 0.012104 -0.497918 0.658453 0.181066 -0.624748 0.780821 -0.002902
-0.002224 0.015066 -0.488555 0.170439 0.385271 -0.224070 0.974572 -0.001041
-0.002181 0.015066 -0.497918 0.658596 0.386322 -0.224070 0.974572 -0.001041
0.004580 0.015076 -0.488555 0.170452 0.613084 0.220995 0.975274 0.001003
0.004622 0.015076 -0.497919 0.658609 0.614135 0.220995 0.975274 0.001003
0.010714 0.012134 -0.488556 0.170329 0.818333 0.622259 0.782807 0.002867
0.010758 0.012134 -0.497919 0.658486 0.819385 0.622234 0.782826 0.002891
0.014965 0.006821 -0.488556 0.170097 0.960367 0.900261 0.435331 0.004182
0.015008 0.006821 -0.497920 0.658254 0.961418 0.900261 0.435330 0.004182
0.016490 0.000191 -0.488556 0.169801 1.011052 0.999988 0.001586 0.004645
0.016533 0.000191 -0.497920 0.657960 1.012103 0.999988 0.001586 0.004645
0.014986 -0.006445 -0.488556 0.169500 0.960354 0.901641 -0.432464 0.004189
0.015029 -0.006445 -0.497920 0.657658 0.961405 0.901641 -0.432464 0.004189
0.010752 -0.011772 -0.488556 0.169254 0.818307 0.624701 -0.780858 0.002902
0.010796 -0.011772 -0.497919 0.657411 0.819359 0.624701 -0.780858 0.002902
0.004627 -0.014733 -0.488555 0.169111 0.613051 0.224098 -0.974566 0.001041
0.004670 -0.014733 -0.497919 0.657268 0.614102 0.224098 -0.974566 0.001041
-0.002177 -0.014745 -0.488555 0.169098 0.385239 -0.220921 -0.975291 -0.001026
-0.002133 -0.014745 -0.497918 0.657255 0.386290 -0.220921 -0.975291 -0.001026
-0.008311 -0.011801 -0.488554 0.169220 0.179992 -0.622250 -0.782814 -0.002891
-0.008268 -0.011801 -0.497918 0.657377 0.181044 -0.622249 -0.782814 -0.002891
-0.012562 -0.006489 -0.488554 0.169452 0.037959 -0.900248 -0.435357 -0.004182
-0.012519 -0.006489 -0.497917 0.657609 0.039010 -0.900248 -0.435357 -0.004183
-0.167617 -0.000182 0.129378 -0.998459 0.000911 0.001585 -0.999999 -0.000000
-0.028501 0.000038 -0.181444 0.000541 0.999501 0.001585 -0.999999 -0.000000
-0.028473 0.000038 0.129365 -0.998418 0.999706 0.001585 -0.999999 -0.000000
-0.167645 -0.000182 -0.181430 0.000500 0.000705 0.001585 -0.999999 -0.000000
-0.028473 0.000038 0.129365 -0.998418 0.999706 -0.001585 0.999999 0.000000
-0.028501 0.000038 -0.181444 0.000541 0.999501 -0.001585 0.999999 0.000000
-0.167617 -0.000182 0.129378 -0.998459 0.000911 -0.001585 0.999999 0.000000
-0.167645 -0.000182 -0.181430 0.000500 0.000705 -0.001585 0.999999 0.000000
0.167446 0.000350 0.129348 0.000541 0.000499 0.001592 -0.999999 -0.000001
0.028302 0.000129 0.129360 0.000499 0.999293 0.001588 -0.999999 0.000001
0.028274 0.000128 -0.181449 0.999459 0.999500 0.001594 -0.999999 0.000001
0.167418 0.000350 -0.181462 0.999500 0.000707 0.001595 -0.999999 -0.000000
0.028302 0.000129 0.129360 0.000499 0.999293 -0.001588 0.999999 -0.000001
0.167446 0.000350 0.129348 0.000541 0.000499 -0.001592 0.999999 0.000001
0.028274 0.000128 -0.181449 0.999459 0.999500 -0.001594 0.999999 -0.000001
0.167418 0.000350 -0.181462 0.999500 0.000707 -0.001595 0.999999 0.000000
-0.167588 -0.000182 0.440186 2.997419 0.001117 0.001585 -0.999999 -0.000000
-0.028473 0.000038 0.129365 1.998418 0.999706 0.001585 -0.999999 -0.000000
-0.028444 0.000038 0.440174 2.997378 0.999913 0.001585 -0.999999 -0.000000
-0.167617 -0.000182 0.129378 1.998459 0.000911 0.001585 -0.999999 -0.000000
-0.028530 0.000038 -0.492252 0.999501 0.999294 0.001585 -0.999999 -0.000000
-0.167674 -0.000182 -0.492239 0.999459 0.000500 0.001585 -0.999999 -0.000000
-0.028444 0.000038 0.440174 2.997378 0.999913 -0.001585 0.999999 0.000000
-0.028473 0.000038 0.129365 1.998418 0.999706 -0.001585 0.999999 0.000000
-0.167588 -0.000182 0.440186 2.997419 0.001117 -0.001585 0.999999 0.000000
-0.167617 -0.000182 0.129378 1.998459 0.000911 -0.001585 0.999999 0.000000
-0.028530 0.000038 -0.492252 0.999501 0.999294 -0.001585 0.999999 0.000000
-0.167674 -0.000182 -0.492239 0.999459 0.000500 -0.001585 0.999999 0.000000
0.167475 0.000349 0.440155 0.999459 0.000500 0.001585 -0.999999 -0.000000
0.028331 0.000129 0.440169 0.999501 0.999294 0.001585 -0.999999 -0.000000
0.028302 0.000129 0.129360 0.000541 0.999501 0.001588 -0.999999 0.000001
0.167446 0.000350 0.129348 0.000500 0.000705 0.001592 -0.999999 -0.000001
0.167418 0.000350 -0.181462 0.000541 0.000499 0.001595 -0.999999 -0.000000
0.028274 0.000128 -0.181449 0.000499 0.999293 0.001594 -0.999999 0.000001
0.028245 0.000128 -0.492257 0.999459 0.999500 0.001595 -0.999999 -0.000000
0.167388 0.000350 -0.492270 0.999500 0.000707 0.001595 -0.999999 -0.000000
0.028331 0.000129 0.440169 0.999501 0.999294 -0.001585 0.999999 0.000000
0.167475 0.000349 0.440155 0.999459 0.000500 -0.001585 0.999999 0.000000
0.028302 0.000129 0.129360 0.000541 0.999501 -0.001588 0.999999 -0.000001
0.167446 0.000350 0.129348 0.000500 0.000705 -0.001592 0.999999 0.000001
0.028274 0.000128 -0.181449 0.000499 0.999293 -0.001594 0.999999 -0.000001
0.167418 0.000350 -0.181462 0.000541 0.000499 -0.001595 0.999999 0.000000
0.028245 0.000128 -0.492257 0.999459 0.999500 -0.001595 0.999999 0.000000
0.167388 0.000350 -0.492270 0.999500 0.000707 -0.001595 0.999999 0.000000
-0.014816 -0.017495 0.493397 1.000000 1.000000 -0.000064 -0.000000 -1.000000
-0.014871 0.017496 0.493397 1.000000 0.000000 -0.000064 -0.000000 -1.000000
0.016377 0.017546 0.493395 0.000000 0.000000 -0.000064 -0.000000 -1.000000
0.016432 -0.017445 0.493395 0.000000 1.000000 -0.000064 -0.000000 -1.000000
-0.014816 -0.017495 0.499092 0.000000 1.000000 0.000112 0.000000 1.000000
0.016433 -0.017445 0.499088 1.000000 1.000000 0.000112 0.000000 1.000000
0.016377 0.017546 0.499088 1.000000 0.000000 0.000112 0.000000 1.000000
-0.014871 0.017496 0.499092 0.000000 0.000000 0.000112 0.000000 1.000000
-0.014816 -0.017495 0.493397 0.000000 1.000000 0.001600 -0.999999 -0.000000
0.016432 -0.017445 0.493395 1.000000 1.000000 0.001600 -0.999999 -0.000000
0.016433 -0.017445 0.499088 1.000000 0.000000 0.001600 -0.999999 -0.000000
-0.014816 -0.017495 0.499092 0.000000 0.000000 0.001600 -0.999999 0.000000
0.016432 -0.017445 0.493395 0.000000 1.000000 0.999999 0.001586 -0.000088
0.016377 0.017546 0.493395 1.000000 1.000000 0.999999 0.001572 0.000000
0.016377 0.017546 0.499088 1.000000 0.000000 0.999999 0.001586 -0.000088
0.016433 -0.017445 0.499088 0.000000 0.000000 0.999999 0.001600 -0.000176
0.016377 0.017546 0.493395 0.000000 1.000000 -0.001600 0.999999 0.000000
-0.014871 0.017496 0.493397 1.000000 1.000000 -0.001600 0.999999 0.000000
-0.014871 0.017496 0.499092 1.000000 0.000000 -0.001600 0.999999 0.000000
0.016377 0.017546 0.499088 0.000000 0.000000 -0.001600 0.999999 0.000000
-0.014871 0.017496 0.493397 0.000000 1.000000 -0.999999 -0.001586 0.000088
-0.014816 -0.017495 0.493397 1.000000 1.000000 -0.999999 -0.001600 0.000000
-0.014816 -0.017495 0.499092 1.000000 0.000000 -0.999999 -0.001586 0.000088
-0.014871 0.017496 0.499092 0.000000 0.000000 -0.999999 -0.001572 0.000176
0.001109 0.000177 0.438028 0.500000 0.500000 -0.000110 -0.000006 -1.000000
0.014733 0.006765 0.438026 0.950040 0.277718 -0.000132 -0.000030 -1.000000
0.016242 0.000201 0.438026 0.999500 0.500000 -0.000132 -0.000030 -1.000000
0.010525 0.012024 0.438027 0.811444 0.099445 -0.000101 -0.000004 -1.000000
0.004452 0.014937 0.438027 0.611164 0.000507 -0.000089 -0.000048 -1.000000
-0.002282 0.014927 0.438028 0.388866 0.000500 -0.000074 -0.000017 -1.000000
-0.008346 0.011994 0.438028 0.188579 0.099425 -0.000089 -0.000071 -1.000000
-0.012537 0.006722 0.438030 0.049972 0.277688 -0.000139 -0.000060 -1.000000
-0.014026 0.000154 0.438030 0.000500 0.500000 -0.000099 0.000022 -1.000000
-0.012517 -0.006411 0.438030 0.049959 0.722282 -0.000139 0.000060 -1.000000
-0.008308 -0.011670 0.438028 0.188553 0.900555 -0.000089 0.000071 -1.000000
-0.002236 -0.014582 0.438028 0.388835 0.999493 -0.000074 0.000017 -1.000000
0.004500 -0.014571 0.438027 0.611132 0.999501 -0.000089 0.000047 -1.000000
0.010564 -0.011640 0.438027 0.811419 0.900576 -0.000101 0.000004 -1.000000
0.014755 -0.006367 0.438026 0.950027 0.722312 -0.000172 -0.000053 -1.000000
0.012733 -0.007465 0.256871 0.438382 0.961900 0.751360 0.429329 -0.501132
0.011700 -0.008053 0.254821 0.416385 1.000000 0.751271 0.429245 -0.501338
0.002071 0.008819 0.254837 -0.208192 0.639400 0.751360 0.429329 -0.501132
0.003102 0.009406 0.256887 -0.186195 0.601301 0.751450 0.429414 -0.500927
0.010675 -0.008640 0.256875 0.394388 1.038101 0.001508 -0.000088 0.999999
0.012733 -0.007465 0.256871 0.438382 0.961900 0.001508 -0.000088 0.999999
0.003102 0.009406 0.256887 -0.186195 0.601301 0.001508 -0.000088 0.999999
0.001044 0.008231 0.256891 -0.230189 0.677501 0.001508 -0.000088 0.999999
0.011700 -0.008053 0.254821 0.416385 1.000000 -0.752870 -0.429243 -0.498935
0.010675 -0.008640 0.256875 0.394388 1.038101 -0.752959 -0.429327 -0.498729
0.001044 0.008231 0.256891 -0.230189 0.677501 -0.752870 -0.429243 -0.498935
0.002071 0.008819 0.254837 -0.208192 0.639400 -0.752782 -0.429159 -0.499142
0.013381 -0.008059 0.443839 0.460379 0.974600 0.495729 -0.868477 -0.000813
0.011322 -0.009234 0.443842 0.416385 1.050800 0.495729 -0.868477 -0.000813
0.011013 -0.009235 0.256190 0.416385 1.050800 0.495729 -0.868477 -0.000813
0.013072 -0.008060 0.256186 0.460379 0.974600 0.495729 -0.868477 -0.000813
0.011335 -0.006863 0.443842 0.372391 0.974600 0.504407 0.863465 -0.000837
0.013381 -0.008059 0.443839 0.460379 0.974600 0.504407 0.863465 -0.000837
0.013072 -0.008060 0.256186 0.460379 0.974600 0.504407 0.863465 -0.000837
0.011025 -0.006864 0.256190 0.372391 0.974600 0.504316 0.863519 -0.000838
0.011322 -0.009234 0.443842 0.416385 1.050800 -0.999986 0.004957 0.001651
0.011335 -0.006863 0.443842 0.372391 0.974600 -0.999986 0.005062 0.001652
0.011025 -0.006864 0.256190 0.372391 0.974600 -0.999986 0.004957 0.001651
0.011013 -0.009235 0.256190 0.416385 1.050800 -0.999986 0.004957 0.001651
0.002750 0.007630 0.256203 -0.164198 0.664800 0.999987 -0.004851 -0.001657
0.002762 0.010001 0.256203 -0.208192 0.588600 0.999987 -0.004851 -0.001657
0.003073 0.010002 0.443856 -0.208192 0.588600 0.999987 -0.004851 -0.001657
0.003062 0.007632 0.443856 -0.164198 0.664800 0.999987 -0.004852 -0.001657
0.000704 0.008826 0.256207 -0.252186 0.664800 -0.504283 -0.863538 0.000841
0.002750 0.007630 0.256203 -0.164198 0.664800 -0.504408 -0.863465 0.000843
0.003062 0.007632 0.443856 -0.164198 0.664800 -0.504283 -0.863538 0.000841
0.001015 0.008826 0.443859 -0.252186 0.664800 -0.504158 -0.863611 0.000839
0.002762 0.010001 0.256203 -0.208192 0.588600 -0.495820 0.868425 0.000816
0.000704 0.008826 0.256207 -0.252186 0.664800 -0.495820 0.868425 0.000816
0.001015 0.008826 0.443859 -0.252186 0.664800 -0.495820 0.868425 0.000816
0.003073 0.010002 0.443856 -0.208192 0.588600 -0.495729 0.868477 0.000817
0.003096 0.008222 0.255518 -0.164199 0.639400 0.748625 -0.436683 0.498867
0.002075 0.008819 0.257572 -0.208192 0.639400 0.748625 -0.436683 0.498867
-0.007722 -0.007957 0.257590 -0.208192 1.360600 0.748625 -0.436683 0.498867
-0.006702 -0.008554 0.255536 -0.164199 1.360600 0.748625 -0.436683 0.498867
0.001049 0.009417 0.255522 -0.252186 0.639400 -0.001703 0.000011 -0.999999
0.003096 0.008222 0.255518 -0.164199 0.639400 -0.001898 0.000095 -0.999998
-0.006702 -0.008554 0.255536 -0.164199 1.360600 -0.001703 0.000011 -0.999999
-0.008748 -0.007359 0.255539 -0.252186 1.360600 -0.001508 -0.000073 -0.999999
0.002075 0.008819 0.257572 -0.208192 0.639400 -0.746974 0.436718 0.501305
0.001049 0.009417 0.255522 -0.252186 0.639400 -0.746935 0.436680 0.501397
-0.008748 -0.007359 0.255539 -0.252186 1.360600 -0.746974 0.436718 0.501305
-0.007722 -0.007957 0.257590 -0.208192 1.360600 -0.747014 0.436756 0.501214
-0.007045 -0.009144 0.256219 -0.164198 1.386000 0.999987 -0.004852 -0.001649
-0.007033 -0.006775 0.256219 -0.208192 1.309800 0.999987 -0.004852 -0.001649
-0.006724 -0.006775 0.443871 -0.208192 1.309800 0.999987 -0.004852 -0.001649
-0.006736 -0.009144 0.443871 -0.164198 1.386000 0.999987 -0.004852 -0.001649
-0.009092 -0.007950 0.256223 -0.252186 1.386000 -0.504158 -0.863611 0.000832
-0.007045 -0.009144 0.256219 -0.164198 1.386000 -0.504283 -0.863538 0.000836
-0.006736 -0.009144 0.443871 -0.164198 1.386000 -0.504158 -0.863611 0.000832
-0.008783 -0.007950 0.443876 -0.252186 1.386000 -0.504158 -0.863611 0.000832
-0.007033 -0.006775 0.256219 -0.208192 1.309800 -0.495729 0.868477 0.000818
-0.009092 -0.007950 0.256223 -0.252186 1.386000 -0.495729 0.868477 0.000818
-0.008783 -0.007950 0.443876 -0.252186 1.386000 -0.495729 0.868477 0.000818
-0.006724 -0.006775 0.443871 -0.208192 1.309800 -0.495728 0.868477 0.000818
-0.007718 -0.006771 0.255537 -0.230189 1.322500 0.005103 0.866066 0.499904
-0.007722 -0.007957 0.257590 -0.208192 1.360600 0.005081 0.865974 0.500063
0.011706 -0.008053 0.257557 0.416385 1.000000 0.005103 0.866066 0.499904
0.011707 -0.006868 0.255505 0.394388 0.961900 0.005126 0.866158 0.499744
-0.007731 -0.009142 0.255537 -0.186195 1.398699 -0.001647 0.000008 -0.999999
-0.007718 -0.006771 0.255537 -0.230189 1.322500 -0.001647 0.000008 -0.999999
0.011707 -0.006868 0.255505 0.394388 0.961900 -0.001647 0.000008 -0.999999
0.011696 -0.009238 0.255505 0.438382 1.038099 -0.001647 0.000008 -0.999999
-0.007722 -0.007957 0.257590 -0.208192 1.360600 -0.003456 -0.866068 0.499913
-0.007731 -0.009142 0.255537 -0.186195 1.398699 -0.003479 -0.866160 0.499755
0.011696 -0.009238 0.255505 0.438382 1.038099 -0.003456 -0.866068 0.499913
0.011706 -0.008053 0.257557 0.416385 1.000000 -0.003433 -0.865977 0.500072
0.012424 -0.007466 0.069219 0.438382 0.961900 0.751332 0.429299 -0.501201
0.011391 -0.008053 0.067168 0.416385 1.000000 0.751273 0.429243 -0.501338
0.001761 0.008819 0.067184 -0.208192 0.639400 0.751332 0.429299 -0.501201
0.002793 0.009406 0.069235 -0.186195 0.601301 0.751392 0.429355 -0.501064
0.010365 -0.008641 0.069223 0.394388 1.038101 0.001691 0.000017 0.999999
0.012424 -0.007466 0.069219 0.438382 0.961900 0.001691 0.000017 0.999999
0.002793 0.009406 0.069235 -0.186195 0.601301 0.001691 0.000017 0.999999
0.000735 0.008231 0.069238 -0.230189 0.677501 0.001691 0.000017 0.999999
0.011391 -0.008053 0.067168 0.416385 1.000000 -0.752957 -0.429278 -0.498775
0.010365 -0.008641 0.069223 0.394388 1.038101 -0.753016 -0.429334 -0.498638
0.000735 0.008231 0.069238 -0.230189 0.677501 -0.752957 -0.429278 -0.498775
0.001761 0.008819 0.067184 -0.208192 0.639400 -0.752897 -0.429222 -0.498913
0.010703 -0.009235 0.068538 0.416385 1.050800 0.495729 -0.868477 -0.000819
0.012762 -0.008060 0.068534 0.460379 0.974600 0.495479 -0.868620 -0.000816
0.012762 -0.008060 0.068534 0.460379 0.974600 0.504316 0.863519 -0.000833
0.010715 -0.006864 0.068538 0.372391 0.974600 0.504191 0.863592 -0.000837
0.010715 -0.006864 0.068538 0.372391 0.974600 -0.999986 0.004957 0.001651
0.010703 -0.009235 0.068538 0.416385 1.050800 -0.999986 0.004958 0.001653
0.002441 0.007630 0.068551 -0.164198 0.664800 0.999987 -0.004851 -0.001649
0.002452 0.010001 0.068551 -0.208192 0.588600 0.999986 -0.004958 -0.001649
0.000395 0.008826 0.068555 -0.252186 0.664800 -0.504499 -0.863412 0.000832
0.002441 0.007630 0.068551 -0.164198 0.664800 -0.504499 -0.863412 0.000832
0.002452 0.010001 0.068551 -0.208192 0.588600 -0.495910 0.868373 0.000817
0.000395 0.008826 0.068555 -0.252186 0.664800 -0.495661 0.868516 0.000818
0.002786 0.008221 0.067866 -0.164199 0.639400 0.748614 -0.436677 0.498889
0.001765 0.008819 0.069920 -0.208192 0.639400 0.748614 -0.436677 0.498889
-0.008032 -0.007957 0.069937 -0.208192 1.360600 0.748614 -0.436677 0.498889
-0.007012 -0.008555 0.067883 -0.164199 1.360600 0.748614 -0.436677 0.498889
0.000739 0.009416 0.067871 -0.252186 0.639400 -0.001788 0.000076 -0.999998
0.002786 0.008221 0.067866 -0.164199 0.639400 -0.002081 0.000202 -0.999998
-0.007012 -0.008555 0.067883 -0.164199 1.360600 -0.001788 0.000076 -0.999998
-0.009058 -0.007360 0.067886 -0.252186 1.360600 -0.001495 -0.000051 -0.999999
0.001765 0.008819 0.069920 -0.208192 0.639400 -0.747034 0.436745 0.501192
0.000739 0.009416 0.067871 -0.252186 0.639400 -0.746975 0.436689 0.501329
-0.009058 -0.007360 0.067886 -0.252186 1.360600 -0.747034 0.436745 0.501192
-0.008032 -0.007957 0.069937 -0.208192 1.360600 -0.747093 0.436802 0.501054
-0.007355 -0.009146 0.068567 -0.164198 1.386000 0.999987 -0.004851 -0.001652
-0.007344 -0.006776 0.068567 -0.208192 1.309800 0.999987 -0.004851 -0.001652
-0.009402 -0.007950 0.068571 -0.252186 1.386000 -0.504283 -0.863538 0.000838
-0.007355 -0.009146 0.068567 -0.164198 1.386000 -0.504407 -0.863466 0.000840
-0.007344 -0.006776 0.068567 -0.208192 1.309800 -0.495819 0.868425 0.000813
-0.009402 -0.007950 0.068571 -0.252186 1.386000 -0.495819 0.868425 0.000813
-0.008028 -0.006772 0.067884 -0.230189 1.322500 0.005090 0.866066 0.499903
-0.008032 -0.007957 0.069937 -0.208192 1.360600 0.005113 0.866157 0.499746
0.011396 -0.008053 0.069905 0.416385 1.000000 0.005090 0.866066 0.499903
0.011398 -0.006868 0.067852 0.394388 0.961900 0.005068 0.865976 0.500061
-0.008040 -0.009142 0.067884 -0.186195 1.398699 -0.001621 0.000008 -0.999999
-0.008028 -0.006772 0.067884 -0.230189 1.322500 -0.001621 0.000008 -0.999999
0.011398 -0.006868 0.067852 0.394388 0.961900 -0.001621 0.000008 -0.999999
0.011387 -0.009238 0.067852 0.438382 1.038099 -0.001621 0.000008 -0.999999
-0.008032 -0.007957 0.069937 -0.208192 1.360600 -0.003492 -0.866160 0.499755
-0.008040 -0.009142 0.067884 -0.186195 1.398699 -0.003492 -0.866160 0.499755
0.011387 -0.009238 0.067852 0.438382 1.038099 -0.003492 -0.866160 0.499755
0.011396 -0.008053 0.069905 0.416385 1.000000 -0.003492 -0.866159 0.499756
0.012113 -0.007466 -0.118433 0.438382 0.961900 0.751360 0.429329 -0.501133
0.011081 -0.008053 -0.120484 0.416385 1.000000 0.751331 0.429301 -0.501201
0.001452 0.008818 -0.120468 -0.208192 0.639400 0.751360 0.429329 -0.501133
0.002484 0.009406 -0.118417 -0.186195 0.601301 0.751390 0.429357 -0.501064
0.010056 -0.008641 -0.118430 0.394388 1.038101 0.001508 -0.000088 0.999999
0.012113 -0.007466 -0.118433 0.438382 0.961900 0.001508 -0.000088 0.999999
0.002484 0.009406 -0.118417 -0.186195 0.601301 0.001508 -0.000088 0.999999
0.000425 0.008231 -0.118414 -0.230189 0.677501 0.001508 -0.000088 0.999999
0.011081 -0.008053 -0.120484 0.416385 1.000000 -0.752900 -0.429271 -0.498867
0.010056 -0.008641 -0.118430 0.394388 1.038101 -0.752959 -0.429327 -0.498729
0.000425 0.008231 -0.118414 -0.230189 0.677501 -0.752900 -0.429271 -0.498867
0.001452 0.008818 -0.120468 -0.208192 0.639400 -0.752841 -0.429215 -0.499004
0.010393 -0.009235 -0.119115 0.416385 1.050800 0.495479 -0.868620 -0.000816
0.012452 -0.008061 -0.119118 0.460379 0.974600 0.495479 -0.868620 -0.000816
0.012452 -0.008061 -0.119118 0.460379 0.974600 0.504191 0.863592 -0.000839
0.010404 -0.006866 -0.119115 0.372391 0.974600 0.504067 0.863664 -0.000837
0.010404 -0.006866 -0.119115 0.372391 0.974600 -0.999986 0.004958 0.001656
0.010393 -0.009235 -0.119115 0.416385 1.050800 -0.999987 0.004854 0.001655
0.002131 0.007630 -0.119101 -0.164198 0.664800 0.999986 -0.004958 -0.001651
0.002143 0.009999 -0.119101 -0.208192 0.588600 0.999986 -0.004958 -0.001651
0.000084 0.008826 -0.119098 -0.252186 0.664800 -0.504408 -0.863465 0.000833
0.002131 0.007630 -0.119101 -0.164198 0.664800 -0.504408 -0.863465 0.000833
0.002143 0.009999 -0.119101 -0.208192 0.588600 -0.495661 0.868516 0.000817
0.000084 0.008826 -0.119098 -0.252186 0.664800 -0.495615 0.868542 0.000816
0.002475 0.008221 -0.119787 -0.164199 0.639400 0.748742 -0.436731 0.498650
0.001456 0.008818 -0.117732 -0.208192 0.639400 0.748805 -0.436792 0.498502
-0.008341 -0.007957 -0.117715 -0.208192 1.360600 0.748742 -0.436731 0.498650
-0.007321 -0.008555 -0.119770 -0.164199 1.360600 0.748679 -0.436670 0.498798
0.000429 0.009416 -0.119782 -0.252186 0.639400 -0.001886 0.000118 -0.999998
0.002475 0.008221 -0.119787 -0.164199 0.639400 -0.002081 0.000202 -0.999998
-0.007321 -0.008555 -0.119770 -0.164199 1.360600 -0.001886 0.000118 -0.999998
-0.009368 -0.007360 -0.119766 -0.252186 1.360600 -0.001691 0.000034 -0.999999
0.001456 0.008818 -0.117732 -0.208192 0.639400 -0.747018 0.436734 0.501226
0.000429 0.009416 -0.119782 -0.252186 0.639400 -0.746945 0.436663 0.501397
-0.009368 -0.007360 -0.119766 -0.252186 1.360600 -0.747018 0.436734 0.501226
-0.008341 -0.007957 -0.117715 -0.208192 1.360600 -0.747092 0.436805 0.501054
-0.007665 -0.009146 -0.119086 -0.164198 1.386000 0.999987 -0.004851 -0.001649
-0.007653 -0.006776 -0.119086 -0.208192 1.309800 0.999986 -0.004957 -0.001652
-0.009711 -0.007950 -0.119081 -0.252186 1.386000 -0.504315 -0.863519 0.000832
-0.007665 -0.009146 -0.119086 -0.164198 1.386000 -0.504315 -0.863519 0.000832
-0.007653 -0.006776 -0.119086 -0.208192 1.309800 -0.495728 0.868477 0.000819
-0.009711 -0.007950 -0.119081 -0.252186 1.386000 -0.495808 0.868432 0.000816
-0.008339 -0.006772 -0.119768 -0.230189 1.322500 0.005126 0.866158 0.499744
-0.008341 -0.007957 -0.117715 -0.208192 1.360600 0.005126 0.866158 0.499744
0.011085 -0.008053 -0.117747 0.416385 1.000000 0.005126 0.866158 0.499744
0.011088 -0.006869 -0.119800 0.394388 0.961900 0.005126 0.866157 0.499746
-0.008351 -0.009142 -0.119768 -0.186195 1.398699 -0.001647 0.000008 -0.999999
-0.008339 -0.006772 -0.119768 -0.230189 1.322500 -0.001647 0.000008 -0.999999
0.011088 -0.006869 -0.119800 0.394388 0.961900 -0.001647 0.000008 -0.999999
0.011077 -0.009239 -0.119800 0.438382 1.038099 -0.001647 0.000008 -0.999999
-0.008341 -0.007957 -0.117715 -0.208192 1.360600 -0.003478 -0.865976 0.500073
-0.008351 -0.009142 -0.119768 -0.186195 1.398699 -0.003478 -0.865976 0.500073
0.011077 -0.009239 -0.119800 0.438382 1.038099 -0.003478 -0.865976 0.500073
0.011085 -0.008053 -0.117747 0.416385 1.000000 -0.003478 -0.865977 0.500071
0.011804 -0.007467 -0.306086 0.438382 0.961900 0.751253 0.429276 -0.501338
0.010771 -0.008054 -0.308136 0.416385 1.000000 0.751253 0.429276 -0.501338
0.001141 0.008818 -0.308121 -0.208192 0.639400 0.751253 0.429276 -0.501338
0.002174 0.009406 -0.306069 -0.186195 0.601301 0.751253 0.429276 -0.501338
0.009746 -0.008642 -0.306082 0.394388 1.038101 0.001691 0.000017 0.999999
0.011804 -0.007467 -0.306086 0.438382 0.961900 0.001691 0.000017 0.999999
0.002174 0.009406 -0.306069 -0.186195 0.601301 0.001691 0.000017 0.999999
0.000116 0.008231 -0.306066 -0.230189 0.677501 0.001691 0.000017 0.999999
0.010771 -0.008054 -0.308136 0.416385 1.000000 -0.753055 -0.429345 -0.498569
0.009746 -0.008642 -0.306082 0.394388 1.038101 -0.753025 -0.429317 -0.498638
0.000116 0.008231 -0.306066 -0.230189 0.677501 -0.753055 -0.429345 -0.498569
0.001141 0.008818 -0.308121 -0.208192 0.639400 -0.753084 -0.429373 -0.498500
0.010083 -0.009236 -0.306767 0.416385 1.050800 0.495479 -0.868620 -0.000816
0.012142 -0.008061 -0.306771 0.460379 0.974600 0.495729 -0.868477 -0.000820
0.012142 -0.008061 -0.306771 0.460379 0.974600 0.504067 0.863664 -0.000833
0.010094 -0.006866 -0.306767 0.372391 0.974600 0.504158 0.863611 -0.000832
0.010094 -0.006866 -0.306767 0.372391 0.974600 -0.999987 0.004854 0.001649
0.010083 -0.009236 -0.306767 0.416385 1.050800 -0.999987 0.004852 0.001649
0.001822 0.007629 -0.306754 -0.164198 0.664800 0.999986 -0.004958 -0.001651
0.001833 0.009999 -0.306754 -0.208192 0.588600 0.999987 -0.004851 -0.001652
-0.000225 0.008825 -0.306750 -0.252186 0.664800 -0.504407 -0.863465 0.000837
0.001822 0.007629 -0.306754 -0.164198 0.664800 -0.504283 -0.863538 0.000834
0.001833 0.009999 -0.306754 -0.208192 0.588600 -0.495615 0.868542 0.000816
-0.000225 0.008825 -0.306750 -0.252186 0.664800 -0.495820 0.868425 0.000813
0.002165 0.008220 -0.307439 -0.164199 0.639400 0.748696 -0.436705 0.498741
0.001146 0.008818 -0.305385 -0.208192 0.639400 0.748750 -0.436756 0.498616
-0.008651 -0.007958 -0.305368 -0.208192 1.360600 0.748696 -0.436705 0.498741
-0.007631 -0.008555 -0.307422 -0.164199 1.360600 0.748643 -0.436653 0.498867
0.000118 0.009415 -0.307435 -0.252186 0.639400 -0.001704 0.000011 -0.999999
0.002165 0.008220 -0.307439 -0.164199 0.639400 -0.001899 0.000095 -0.999998
-0.007631 -0.008555 -0.307422 -0.164199 1.360600 -0.001704 0.000011 -0.999999
-0.009678 -0.007360 -0.307418 -0.252186 1.360600 -0.001508 -0.000073 -0.999999
0.001146 0.008818 -0.305385 -0.208192 0.639400 -0.746950 0.436694 0.501362
0.000118 0.009415 -0.307435 -0.252186 0.639400 -0.746886 0.436633 0.501510
-0.009678 -0.007360 -0.307418 -0.252186 1.360600 -0.746950 0.436694 0.501362
-0.008651 -0.007958 -0.305368 -0.208192 1.360600 -0.747014 0.436756 0.501214
-0.007976 -0.009147 -0.306738 -0.164198 1.386000 0.999986 -0.004957 -0.001656
-0.007964 -0.006777 -0.306738 -0.208192 1.309800 0.999986 -0.004957 -0.001653
-0.010022 -0.007952 -0.306733 -0.252186 1.386000 -0.504250 -0.863557 0.000840
-0.007976 -0.009147 -0.306738 -0.164198 1.386000 -0.504250 -0.863557 0.000840
-0.007964 -0.006777 -0.306738 -0.208192 1.309800 -0.495808 0.868432 0.000815
-0.010022 -0.007952 -0.306733 -0.252186 1.386000 -0.495808 0.868432 0.000816
-0.008648 -0.006772 -0.307420 -0.230189 1.322500 0.005138 0.865975 0.500061
-0.008651 -0.007958 -0.305368 -0.208192 1.360600 0.005138 0.865975 0.500061
0.010776 -0.008054 -0.305400 0.416385 1.000000 0.005138 0.865975 0.500061
0.010778 -0.006869 -0.307453 0.394388 0.961900 0.005125 0.865923 0.500152
-0.008660 -0.009142 -0.307420 -0.186195 1.398699 -0.001647 0.000008 -0.999999
-0.008648 -0.006772 -0.307420 -0.230189 1.322500 -0.001647 0.000008 -0.999999
0.010778 -0.006869 -0.307453 0.394388 0.961900 -0.001647 0.000008 -0.999999
0.010766 -0.009239 -0.307453 0.438382 1.038099 -0.001647 0.000008 -0.999999
-0.008651 -0.007958 -0.305368 -0.208192 1.360600 -0.003479 -0.866159 0.499756
-0.008660 -0.009142 -0.307420 -0.186195 1.398699 -0.003479 -0.866159 0.499756
0.010766 -0.009239 -0.307453 0.438382 1.038099 -0.003479 -0.866159 0.499756
0.010776 -0.008054 -0.305400 0.416385 1.000000 -0.003466 -0.866107 0.499847
0.009773 -0.009236 -0.494420 0.416385 1.050800 0.495729 -0.868477 -0.000818
0.011832 -0.008061 -0.494422 0.460379 0.974600 0.495820 -0.868425 -0.000819
0.011832 -0.008061 -0.494422 0.460379 0.974600 0.504158 0.863611 -0.000833
0.009785 -0.006866 -0.494420 0.372391 0.974600 0.504250 0.863557 -0.000832
0.009785 -0.006866 -0.494420 0.372391 0.974600 -0.999987 0.004852 0.001649
0.009773 -0.009236 -0.494420 0.416385 1.050800 -0.999987 0.004852 0.001649
0.001512 0.007629 -0.494406 -0.164198 0.664800 0.999987 -0.004851 -0.001649
0.001523 0.009999 -0.494406 -0.208192 0.588600 0.999987 -0.004851 -0.001649
-0.000535 0.008824 -0.494403 -0.252186 0.664800 -0.504283 -0.863538 0.000834
0.001512 0.007629 -0.494406 -0.164198 0.664800 -0.504158 -0.863611 0.000832
0.001523 0.009999 -0.494406 -0.208192 0.588600 -0.495888 0.868386 0.000817
-0.000535 0.008824 -0.494403 -0.252186 0.664800 -0.495888 0.868386 0.000817
-0.008285 -0.009147 -0.494390 -0.164198 1.386000 0.999986 -0.004957 -0.001651
-0.008273 -0.006777 -0.494390 -0.208192 1.309800 0.999987 -0.004852 -0.001652
-0.010332 -0.007952 -0.494385 -0.252186 1.386000 -0.504158 -0.863611 0.000832
-0.008285 -0.009147 -0.494390 -0.164198 1.386000 -0.504158 -0.863611 0.000832
-0.008273 -0.006777 -0.494390 -0.208192 1.309800 -0.495808 0.868432 0.000818
-0.010332 -0.007952 -0.494385 -0.252186 1.386000 -0.495728 0.868477 0.000819

Indices: 
0 1 2 0 2 3 3 2 4 3 4 5 5 4 6 5 6 7 7 6 8 7 8 9 9 8 10 9 10 11 11 10 12 11 12 13 13 12 14 13 14 15 15 14 16 15 16 17 17 16 18 17 18 19 19 18 20 19 20 21 21 20 22 21 22 23 23 22 24 23 24 25 25 24 26 25 26 27 27 26 1 27 1 0 28 29 30 29 28 31 32 33 34 33 32 35 36 37 38 37 36 39 40 41 42 41 40 43 44 45 46 45 44 47 48 49 50 49 48 51 52 53 54 53 52 55 56 57 58 57 56 59 60 61 62 61 60 63 64 65 66 65 64 67 68 69 70 69 68 71 72 73 74 73 72 75 76 77 78 77 76 79 80 81 82 81 80 83 84 85 86 85 84 87 88 89 90 89 88 91 92 93 94 93 92 95 96 97 98 97 96 99 100 101 102 101 100 103 104 105 106 105 104 107 108 109 110 108 111 112 108 113 114 108 115 116 108 117 118 108 119 120 108 121 122 108 123 124 108 125 126 108 127 128 108 129 130 108 131 132 108 133 134 108 135 136 137 138 139 137 140 141 137 142 143 137 144 145 137 146 147 137 148 149 137 150 151 137 152 153 137 154 155 137 156 157 137 158 159 137 160 161 137 162 163 137 164 165 166 167 168 166 168 169 169 168 170 169 170 171 171 170 172 171 172 173 173 172 174 173 174 175 175 174 176 175 176 177 177 176 178 177 178 179 179 178 180 179 180 181 181 180 182 181 182 183 183 182 184 183 184 185 185 184 186 185 186 187 187 186 188 187 188 189 189 188 190 189 190 191 191 190 192 191 192 193 193 192 167 193 167 166 194 195 196 195 194 197 198 199 200 201 200 199 202 203 204 204 205 202 206 207 208 209 208 207 210 211 212 211 210 213 197 214 195 214 197 215 216 217 218 219 218 217 199 220 201 221 201 220 222 223 224 224 225 222 226 227 228 228 229 226 230 231 232 233 232 231 234 235 236 237 236 235 238 239 240 240 241 238 242 243 244 244 245 242 246 247 248 248 249 246 250 251 252 252 253 250 254 255 256 256 257 254 258 259 260 260 261 258 262 263 264 262 265 263 262 266 265 262 267 266 262 268 267 262 269 268 262 270 269 262 271 270 262 272 271 262 273 272 262 274 273 262 275 274 262 276 275 262 264 276 277 278 279 279 280 277 281 282 283 283 284 281 285 286 287 287 288 285 289 290 291 291 292 289 293 294 295 295 296 293 297 298 299 299 300 297 301 302 303 303 304 301 305 306 307 307 308 305 309 310 311 311 312 309 313 314 315 315 316 313 317 318 319 319 320 317 321 322 323 323 324 321 325 326 327 327 328 325 329 330 331 331 332 329 333 334 335 335 336 333 337 338 339 339 340 337 341 342 343 343 344 341 345 346 347 347 348 345 349 350 351 351 352 349 353 354 355 355 356 353 357 358 359 359 360 357 292 291 361 361 362 292 296 295 363 363 364 296 300 299 365 365 366 300 367 368 302 302 301 367 369 370 306 306 305 369 371 372 310 310 309 371 373 374 375 375 376 373 377 378 379 379 380 377 381 382 383 383 384 381 385 386 326 326 325 385 387 388 330 330 329 387 389 390 334 334 333 389 391 392 393 393 394 391 395 396 397 397 398 395 399 400 401 401 402 399 403 404 405 405 406 403 407 408 409 409 410 407 411 412 413 413 414 411 362 361 415 415 416 362 364 363 417 417 418 364 366 365 419 419 420 366 421 422 368 368 367 421 423 424 370 370 369 423 425 426 372 372 371 425 427 428 429 429 430 427 431 432 433 433 434 431 435 436 437 437 438 435 439 440 386 386 385 439 441 442 388 388 387 441 443 444 390 390 389 443 445 446 447 447 448 445 449 450 451 451 452 449 453 454 455 455 456 453 457 458 459 459 460 457 461 462 463 463 464 461 465 466 467 467 468 465 416 415 469 469 470 416 418 417 471 471 472 418 420 419 473 473 474 420 475 476 422 422 421 475 477 478 424 424 423 477 479 480 426 426 425 479 481 482 483 483 484 481 485 486 487 487 488 485 489 490 491 491 492 489 493 494 440 440 439 493 495 496 442 442 441 495 497 498 444 444 443 497 499 500 501 501 502 499 503 504 505 505 506 503 507 508 509 509 510 507 470 469 511 511 512 470 472 471 513 513 514 472 474 473 515 515 516 474 517 518 476 476 475 517 519 520 478 478 477 519 521 522 480 480 479 521 523 524 494 494 493 523 525 526 496 496 495 525 527 528 498 498 497 527 