Indexed mesh of 96 triangles 
Vertex Count: 192
Index Count: 288
Material Count: 2
Texture Count: 2
Scale in meters: 1
Has transparencies: 0

Texture 0: models\iss_parts\textures\ISSCOVER.BMP
Texture 1: models\iss_parts\textures\ISSRAD.BMP

Group name: iss_issdis.007
Material name: isscover_with_Te
Material Start: 0
Material Size: 36
Material Filename: 0
Light Map: 0
Ilumination: 0
Diffuse color: 1 1 1
Specular power: 88.2353
Transparency: 1

Group name: iss_issdis.007
Material name: issrad_with_Tex:
Material Start: 36
Material Size: 252
Material Filename: 1
Light Map: 0
Ilumination: 0
Diffuse color: 1 1 1
Specular power: 88.2353
Transparency: 1

Vertex format {	3Dvector POSITION; 2Dvector TEXTURE; 3Dvector NORMAL }

Vertices:

-0.043696 0.233549 -0.497536 -1.114804 -3.718035 -0.000244 -0.000002 -1.000000
0.109139 -0.199038 -0.497572 -1.114804 5.718035 -0.000244 -0.000002 -1.000000
-0.145913 0.197436 -0.497511 1.114803 -3.718035 -0.000244 -0.000002 -1.000000
0.006925 -0.235152 -0.497549 1.114803 5.718035 -0.000228 0.000008 -1.000000
0.109139 -0.199038 -0.497572 -1.114804 5.718035 0.925901 0.327109 0.188965
-0.043696 0.233549 -0.497536 -1.114804 -3.718035 0.925901 0.327109 0.188965
0.093835 -0.175250 -0.463763 -0.981028 5.151871 0.925901 0.327109 0.188965
-0.040662 0.205428 -0.463730 -0.981028 -3.151871 0.925890 0.327110 0.189015
0.006925 -0.235152 -0.497549 1.114803 5.718035 0.258458 -0.731111 0.631408
0.109139 -0.199038 -0.497572 -1.114804 5.718035 0.258458 -0.731111 0.631408
0.003885 -0.207030 -0.463742 0.981026 5.151871 0.258458 -0.731111 0.631408
0.093835 -0.175250 -0.463763 -0.981028 5.151871 0.258457 -0.731114 0.631405
0.003885 -0.207030 -0.463742 0.981026 5.151871 0.000234 -0.000003 1.000000
0.093835 -0.175250 -0.463763 -0.981028 5.151871 0.000234 -0.000003 1.000000
-0.130612 0.173648 -0.463710 0.981026 -3.151871 0.000234 -0.000003 1.000000
-0.040662 0.205428 -0.463730 -0.981028 -3.151871 0.000234 -0.000003 1.000000
-0.145913 0.197436 -0.497511 1.114803 -3.718035 -0.925903 -0.327148 0.188888
0.006925 -0.235152 -0.497549 1.114803 5.718035 -0.925903 -0.327148 0.188888
-0.130612 0.173648 -0.463710 0.981026 -3.151871 -0.925903 -0.327148 0.188888
0.003885 -0.207030 -0.463742 0.981026 5.151871 -0.925905 -0.327147 0.188875
-0.043696 0.233549 -0.497536 -1.114804 -3.718035 -0.258179 0.731191 0.631430
-0.145913 0.197436 -0.497511 1.114803 -3.718035 -0.258179 0.731191 0.631430
-0.040662 0.205428 -0.463730 -0.981028 -3.151871 -0.258179 0.731191 0.631430
-0.130612 0.173648 -0.463710 0.981026 -3.151871 -0.258183 0.731175 0.631446
-0.001586 0.071890 -0.326412 0.999500 0.999481 0.908521 0.315929 0.273456
-0.078528 0.173679 -0.188379 0.000500 0.000519 0.908521 0.315929 0.273456
-0.038647 0.058995 -0.188383 0.000499 0.999501 0.908521 0.315929 0.273456
-0.041467 0.186571 -0.326408 0.999501 0.000499 0.908521 0.315934 0.273452
-0.038647 0.058995 -0.188383 0.000499 0.999501 -0.908521 -0.315929 -0.273456
-0.078528 0.173679 -0.188379 0.000500 0.000519 -0.908521 -0.315929 -0.273456
-0.001586 0.071890 -0.326412 0.999500 0.999481 -0.908521 -0.315929 -0.273456
-0.041467 0.186571 -0.326408 0.999501 0.000499 -0.908521 -0.315934 -0.273452
-0.041467 0.186571 -0.326000 0.999500 0.999481 0.908473 0.315931 -0.273615
-0.038672 0.058998 -0.464025 0.000500 0.000519 0.908473 0.315931 -0.273615
-0.078552 0.173679 -0.464021 0.000499 0.999501 0.908473 0.315931 -0.273615
-0.001586 0.071890 -0.326004 0.999501 0.000499 0.908470 0.315935 -0.273619
-0.078552 0.173679 -0.464021 0.000499 0.999501 -0.908473 -0.315931 0.273615
-0.038672 0.058998 -0.464025 0.000500 0.000519 -0.908473 -0.315931 0.273615
-0.041467 0.186571 -0.326000 0.999500 0.999481 -0.908473 -0.315931 0.273615
-0.001586 0.071890 -0.326004 0.999501 0.000499 -0.908470 -0.315935 0.273619
-0.001561 0.071890 -0.051225 0.999500 0.999481 0.908522 0.315929 0.273454
-0.078503 0.173679 0.086807 0.000500 0.000519 0.908522 0.315929 0.273454
-0.038622 0.058995 0.086804 0.000499 0.999501 0.908522 0.315929 0.273454
-0.041441 0.186571 -0.051222 0.999501 0.000499 0.908521 0.315931 0.273452
-0.038622 0.058995 0.086804 0.000499 0.999501 -0.908522 -0.315929 -0.273454
-0.078503 0.173679 0.086807 0.000500 0.000519 -0.908522 -0.315929 -0.273454
-0.001561 0.071890 -0.051225 0.999500 0.999481 -0.908522 -0.315929 -0.273454
-0.041441 0.186571 -0.051222 0.999501 0.000499 -0.908521 -0.315931 -0.273452
-0.041441 0.186571 -0.050813 0.999500 0.999481 0.908474 0.315927 -0.273615
-0.038647 0.058995 -0.188838 0.000500 0.000519 0.908474 0.315927 -0.273615
-0.078528 0.173679 -0.188836 0.000499 0.999501 0.908474 0.315927 -0.273615
-0.001561 0.071890 -0.050818 0.999501 0.000499 0.908471 0.315932 -0.273620
-0.078528 0.173679 -0.188834 0.000499 0.999501 -0.908472 -0.315930 0.273619
-0.038647 0.058995 -0.188838 0.000500 0.000519 -0.908472 -0.315930 0.273619
-0.041441 0.186571 -0.050813 0.999500 0.999481 -0.908472 -0.315930 0.273619
-0.001561 0.071890 -0.050818 0.999501 0.000499 -0.908471 -0.315932 0.273620
-0.041415 0.186571 0.224569 0.999500 0.999481 0.908470 0.315929 -0.273627
-0.038622 0.058995 0.086543 0.000500 0.000519 0.908470 0.315929 -0.273627
-0.078503 0.173679 0.086547 0.000499 0.999501 0.908470 0.315929 -0.273627
-0.001534 0.071890 0.224567 0.999501 0.000499 0.908469 0.315930 -0.273629
-0.078503 0.173679 0.086547 0.000499 0.999501 -0.908470 -0.315929 0.273627
-0.038622 0.058995 0.086543 0.000500 0.000519 -0.908470 -0.315929 0.273627
-0.041415 0.186571 0.224569 0.999500 0.999481 -0.908470 -0.315929 0.273627
-0.001534 0.071890 0.224567 0.999501 0.000499 -0.908469 -0.315930 0.273629
-0.001534 0.071890 0.224159 0.999500 0.999481 0.908517 0.315929 0.273469
-0.078478 0.173679 0.362190 0.000500 0.000519 0.908517 0.315929 0.273469
-0.038597 0.058996 0.362185 0.000499 0.999501 0.908517 0.315929 0.273469
-0.041415 0.186571 0.224161 0.999501 0.000499 0.908516 0.315938 0.273461
-0.038597 0.058996 0.362185 0.000499 0.999501 -0.908517 -0.315929 -0.273469
-0.078478 0.173679 0.362190 0.000500 0.000519 -0.908517 -0.315929 -0.273469
-0.001534 0.071890 0.224159 0.999500 0.999481 -0.908517 -0.315929 -0.273469
-0.041415 0.186571 0.224161 0.999501 0.000499 -0.908516 -0.315938 -0.273461
-0.041390 0.186571 0.499933 0.999500 0.999481 0.908479 0.315914 -0.273612
-0.038597 0.058996 0.361908 0.000500 0.000519 0.908479 0.315914 -0.273612
-0.078476 0.173679 0.361910 0.000499 0.999501 0.908479 0.315914 -0.273612
-0.001509 0.071890 0.499930 0.999501 0.000499 0.908467 0.315933 -0.273630
-0.078476 0.173679 0.361910 0.000499 0.999501 -0.908479 -0.315914 0.273612
-0.038597 0.058996 0.361908 0.000500 0.000519 -0.908479 -0.315914 0.273612
-0.041390 0.186571 0.499933 0.999500 0.999481 -0.908479 -0.315914 0.273612
-0.001509 0.071890 0.499930 0.999501 0.000499 -0.908467 -0.315933 0.273630
0.041072 -0.050781 -0.326416 0.999500 0.999481 0.908523 0.315930 0.273449
-0.035869 0.051009 -0.188383 0.000500 0.000519 0.908523 0.315930 0.273449
0.004012 -0.063673 -0.188387 0.000499 0.999501 0.908523 0.315930 0.273449
0.001192 0.063902 -0.326412 0.999501 0.000499 0.908523 0.315927 0.273452
0.004012 -0.063673 -0.188387 0.000499 0.999501 -0.908523 -0.315930 -0.273449
-0.035869 0.051009 -0.188383 0.000500 0.000519 -0.908523 -0.315930 -0.273449
0.041072 -0.050781 -0.326416 0.999500 0.999481 -0.908523 -0.315930 -0.273449
0.001192 0.063902 -0.326412 0.999501 0.000499 -0.908523 -0.315927 -0.273452
0.001192 0.063902 -0.326004 0.999500 0.999481 0.908476 0.315916 -0.273619
0.003985 -0.063673 -0.464029 0.000500 0.000519 0.908476 0.315916 -0.273619
-0.035895 0.051009 -0.464025 0.000499 0.999501 0.908476 0.315916 -0.273619
0.041072 -0.050781 -0.326008 0.999501 0.000499 0.908470 0.315926 -0.273628
-0.035895 0.051009 -0.464025 0.000499 0.999501 -0.908476 -0.315916 0.273619
0.003985 -0.063673 -0.464029 0.000500 0.000519 -0.908476 -0.315916 0.273619
0.001192 0.063902 -0.326004 0.999500 0.999481 -0.908476 -0.315916 0.273619
0.041072 -0.050781 -0.326008 0.999501 0.000499 -0.908470 -0.315926 0.273628
0.041098 -0.050781 -0.051229 0.999500 0.999481 0.908523 0.315930 0.273449
-0.035845 0.051009 0.086804 0.000500 0.000519 0.908523 0.315930 0.273449
0.004037 -0.063673 0.086800 0.000499 0.999501 0.908523 0.315930 0.273449
0.001216 0.063902 -0.051225 0.999501 0.000499 0.908523 0.315929 0.273450
0.004037 -0.063673 0.086800 0.000499 0.999501 -0.908523 -0.315930 -0.273449
-0.035845 0.051009 0.086804 0.000500 0.000519 -0.908523 -0.315930 -0.273449
0.041098 -0.050781 -0.051229 0.999500 0.999481 -0.908523 -0.315930 -0.273449
0.001216 0.063902 -0.051225 0.999501 0.000499 -0.908523 -0.315929 -0.273450
0.001216 0.063902 -0.050818 0.999500 0.999481 0.908474 0.315930 -0.273612
0.004012 -0.063673 -0.188844 0.000500 0.000519 0.908474 0.315930 -0.273612
-0.035869 0.051009 -0.188840 0.000499 0.999501 0.908474 0.315930 -0.273612
0.041098 -0.050781 -0.050821 0.999501 0.000499 0.908474 0.315930 -0.273612
-0.035869 0.051009 -0.188840 0.000499 0.999501 -0.908475 -0.315927 0.273612
0.004012 -0.063673 -0.188843 0.000500 0.000519 -0.908475 -0.315927 0.273612
0.001216 0.063902 -0.050818 0.999500 0.999481 -0.908475 -0.315927 0.273612
0.041098 -0.050781 -0.050821 0.999501 0.000499 -0.908473 -0.315930 0.273615
0.001244 0.063902 0.224565 0.999500 0.999481 0.908469 0.315930 -0.273628
0.004037 -0.063673 0.086540 0.000500 0.000519 0.908469 0.315930 -0.273628
-0.035845 0.051009 0.086543 0.000499 0.999501 0.908469 0.315930 -0.273628
0.041122 -0.050781 0.224563 0.999501 0.000499 0.908480 0.315913 -0.273612
-0.035845 0.051009 0.086543 0.000499 0.999501 -0.908469 -0.315930 0.273628
0.004037 -0.063673 0.086540 0.000500 0.000519 -0.908469 -0.315930 0.273628
0.001244 0.063902 0.224565 0.999500 0.999481 -0.908469 -0.315930 0.273628
0.041122 -0.050781 0.224563 0.999501 0.000499 -0.908480 -0.315913 0.273612
0.041122 -0.050781 0.224153 0.999500 0.999481 0.908523 0.315930 0.273449
-0.035819 0.051009 0.362185 0.000500 0.000519 0.908523 0.315930 0.273449
0.004062 -0.063673 0.362182 0.000499 0.999501 0.908523 0.315930 0.273449
0.001244 0.063902 0.224157 0.999501 0.000499 0.908525 0.315914 0.273462
0.004062 -0.063673 0.362182 0.000499 0.999501 -0.908523 -0.315930 -0.273449
-0.035819 0.051009 0.362185 0.000500 0.000519 -0.908523 -0.315930 -0.273449
0.041122 -0.050781 0.224153 0.999500 0.999481 -0.908523 -0.315930 -0.273449
0.001244 0.063902 0.224157 0.999501 0.000499 -0.908525 -0.315914 -0.273462
0.001269 0.063902 0.499930 0.999500 0.999481 0.908471 0.315929 -0.273624
0.004062 -0.063673 0.361903 0.000500 0.000519 0.908471 0.315929 -0.273624
-0.035819 0.051009 0.361906 0.000499 0.999501 0.908471 0.315929 -0.273624
0.041149 -0.050781 0.499926 0.999501 0.000499 0.908470 0.315930 -0.273624
-0.035819 0.051009 0.361906 0.000499 0.999501 -0.908472 -0.315925 0.273624
0.004062 -0.063673 0.361905 0.000500 0.000519 -0.908472 -0.315925 0.273624
0.001269 0.063902 0.499930 0.999500 0.999481 -0.908472 -0.315925 0.273624
0.041149 -0.050781 0.499926 0.999501 0.000499 -0.908469 -0.315930 0.273628
0.083731 -0.173451 -0.326419 0.999500 0.999481 0.908523 0.315929 0.273448
0.006789 -0.071660 -0.188387 0.000500 0.000519 0.908523 0.315929 0.273448
0.046670 -0.186342 -0.188390 0.000499 0.999501 0.908523 0.315929 0.273448
0.043851 -0.058768 -0.326416 0.999501 0.000499 0.908524 0.315926 0.273451
0.046670 -0.186342 -0.188390 0.000499 0.999501 -0.908523 -0.315929 -0.273448
0.006789 -0.071660 -0.188387 0.000500 0.000519 -0.908523 -0.315929 -0.273448
0.083731 -0.173451 -0.326419 0.999500 0.999481 -0.908523 -0.315929 -0.273448
0.043851 -0.058768 -0.326416 0.999501 0.000499 -0.908524 -0.315926 -0.273451
0.043851 -0.058768 -0.326008 0.999500 0.999481 0.908471 0.315925 -0.273626
0.046643 -0.186342 -0.464033 0.000500 0.000519 0.908471 0.315925 -0.273626
0.006762 -0.071660 -0.464031 0.000499 0.999501 0.908471 0.315925 -0.273626
0.083731 -0.173451 -0.326012 0.999501 0.000499 0.908471 0.315925 -0.273626
0.006762 -0.071660 -0.464029 0.000499 0.999501 -0.908469 -0.315929 0.273630
0.046643 -0.186342 -0.464033 0.000500 0.000519 -0.908469 -0.315929 0.273630
0.043851 -0.058768 -0.326008 0.999500 0.999481 -0.908469 -0.315929 0.273630
0.083731 -0.173451 -0.326012 0.999501 0.000499 -0.908471 -0.315925 0.273626
0.083756 -0.173450 -0.051233 0.999500 0.999481 0.908521 0.315933 0.273450
0.006814 -0.071660 0.086798 0.000500 0.000519 0.908521 0.315933 0.273450
0.046695 -0.186342 0.086796 0.000499 0.999501 0.908521 0.315933 0.273450
0.043875 -0.058768 -0.051229 0.999501 0.000499 0.908522 0.315931 0.273452
0.046695 -0.186342 0.086796 0.000499 0.999501 -0.908521 -0.315933 -0.273450
0.006814 -0.071660 0.086798 0.000500 0.000519 -0.908521 -0.315933 -0.273450
0.083756 -0.173450 -0.051233 0.999500 0.999481 -0.908521 -0.315933 -0.273450
0.043875 -0.058768 -0.051229 0.999501 0.000499 -0.908522 -0.315931 -0.273452
0.043875 -0.058768 -0.050821 0.999500 0.999481 0.908475 0.315927 -0.273611
0.046670 -0.186342 -0.188846 0.000500 0.000519 0.908475 0.315927 -0.273611
0.006789 -0.071660 -0.188844 0.000499 0.999501 0.908475 0.315927 -0.273611
0.083756 -0.173450 -0.050825 0.999501 0.000499 0.908472 0.315932 -0.273616
0.006789 -0.071660 -0.188844 0.000499 0.999501 -0.908475 -0.315927 0.273611
0.046670 -0.186342 -0.188846 0.000500 0.000519 -0.908475 -0.315927 0.273611
0.043875 -0.058768 -0.050821 0.999500 0.999481 -0.908475 -0.315927 0.273611
0.083756 -0.173450 -0.050825 0.999501 0.000499 -0.908472 -0.315932 0.273616
0.043900 -0.058767 0.224561 0.999500 0.999481 0.908473 0.315930 -0.273615
0.046695 -0.186342 0.086536 0.000500 0.000519 0.908473 0.315930 -0.273615
0.006814 -0.071660 0.086540 0.000499 0.999501 0.908473 0.315930 -0.273615
0.083781 -0.173450 0.224557 0.999501 0.000499 0.908472 0.315931 -0.273616
0.006814 -0.071660 0.086540 0.000499 0.999501 -0.908470 -0.315929 0.273627
0.046695 -0.186342 0.086536 0.000500 0.000519 -0.908470 -0.315929 0.273627
0.043902 -0.058767 0.224561 0.999500 0.999481 -0.908470 -0.315929 0.273627
0.083781 -0.173450 0.224557 0.999501 0.000499 -0.908477 -0.315917 0.273616
0.083781 -0.173450 0.224150 0.999500 0.999481 0.908523 0.315925 0.273453
0.006839 -0.071660 0.362182 0.000500 0.000519 0.908523 0.315925 0.273453
0.046719 -0.186342 0.362178 0.000499 0.999501 0.908523 0.315925 0.273453
0.043900 -0.058767 0.224153 0.999501 0.000499 0.908523 0.315930 0.273449
0.046719 -0.186342 0.362178 0.000499 0.999501 -0.908523 -0.315925 -0.273453
0.006839 -0.071660 0.362182 0.000500 0.000519 -0.908523 -0.315925 -0.273453
0.083781 -0.173450 0.224150 0.999500 0.999481 -0.908523 -0.315925 -0.273453
0.043900 -0.058767 0.224153 0.999501 0.000499 -0.908523 -0.315930 -0.273449
0.043927 -0.058767 0.499926 0.999500 0.999481 0.908471 0.315926 -0.273624
0.046719 -0.186342 0.361899 0.000500 0.000519 0.908471 0.315926 -0.273624
0.006839 -0.071660 0.361903 0.000499 0.999501 0.908471 0.315926 -0.273624
0.083808 -0.173450 0.499922 0.999501 0.000499 0.908469 0.315930 -0.273627
0.006839 -0.071660 0.361903 0.000499 0.999501 -0.908473 -0.315922 0.273624
0.046719 -0.186342 0.361901 0.000500 0.000519 -0.908473 -0.315922 0.273624
0.043927 -0.058767 0.499926 0.999500 0.999481 -0.908473 -0.315922 0.273624
0.083808 -0.173450 0.499922 0.999501 0.000499 -0.908468 -0.315929 0.273631

Indices: 
0 1 2 3 2 1 4 5 6 7 6 5 8 9 10 11 10 9 12 13 14 15 14 13 16 17 18 19 18 17 20 21 22 23 22 21 24 25 26 25 24 27 28 29 30 31 30 29 32 33 34 33 32 35 36 37 38 39 38 37 40 41 42 41 40 43 44 45 46 47 46 45 48 49 50 49 48 51 52 53 54 55 54 53 56 57 58 57 56 59 60 61 62 63 62 61 64 65 66 65 64 67 68 69 70 71 70 69 72 73 74 73 72 75 76 77 78 79 78 77 80 81 82 81 80 83 84 85 86 87 86 85 88 89 90 89 88 91 92 93 94 95 94 93 96 97 98 97 96 99 100 101 102 103 102 101 104 105 106 105 104 107 108 109 110 111 110 109 112 113 114 113 112 115 116 117 118 119 118 117 120 121 122 121 120 123 124 125 126 127 126 125 128 129 130 129 128 131 132 133 134 135 134 133 136 137 138 137 136 139 140 141 142 143 142 141 144 145 146 145 144 147 148 149 150 151 150 149 152 153 154 153 152 155 156 157 158 159 158 157 160 161 162 161 160 163 164 165 166 167 166 165 168 169 170 169 168 171 172 173 174 175 174 173 176 177 178 177 176 179 180 181 182 183 182 181 184 185 186 185 184 187 188 189 190 191 190 189 