Indexed mesh of 695 triangles 
Vertex Count: 865
Index Count: 2085
Material Count: 7
Texture Count: 7
Scale in meters: 1
Has transparencies: 0

Texture 0: models\iss_parts\textures\D_RING.BMP
Texture 1: models\iss_parts\textures\ISS_DCS.BMP
Texture 2: models\iss_parts\textures\ISSB3.BMP
Texture 3: models\iss_parts\textures\ISSB.BMP
Texture 4: models\iss_parts\textures\ISSCOVER.BMP
Texture 5: models\iss_parts\textures\ISSDOT.BMP
Texture 6: models\iss_parts\textures\ISSP2.BMP

Group name: iss_issb3_.010
Material name: issb3_with_Tex:
Material Start: 0
Material Size: 567
Material Filename: 2
Light Map: 0
Ilumination: 0
Diffuse color: 1 1 1
Specular power: 88.2353
Transparency: 1

Group name: iss_issb3_.010
Material name: iss_dcs_with_Tex
Material Start: 567
Material Size: 528
Material Filename: 1
Light Map: 0
Ilumination: 0
Diffuse color: 1 1 1
Specular power: 88.2353
Transparency: 1

Group name: iss_issb3_.010
Material name: issp2_with_Tex:
Material Start: 1095
Material Size: 348
Material Filename: 6
Light Map: 0
Ilumination: 0
Diffuse color: 1 1 1
Specular power: 88.2353
Transparency: 1

Group name: iss_issb3_.010
Material name: isscover_with_Te
Material Start: 1443
Material Size: 144
Material Filename: 4
Light Map: 0
Ilumination: 0
Diffuse color: 1 1 1
Specular power: 88.2353
Transparency: 1

Group name: iss_issb3_.010
Material name: issdot_with_Tex:
Material Start: 1587
Material Size: 24
Material Filename: 5
Light Map: 0
Ilumination: 0
Diffuse color: 1 1 1
Specular power: 88.2353
Transparency: 1

Group name: iss_issb3_.010
Material name: d_ring_with_Tex:
Material Start: 1611
Material Size: 264
Material Filename: 0
Light Map: 0
Ilumination: 0
Diffuse color: 1 1 1
Specular power: 88.2353
Transparency: 1

Group name: iss_issb3_.010
Material name: issb_with_Tex:_I
Material Start: 1875
Material Size: 210
Material Filename: 3
Light Map: 0
Ilumination: 0
Diffuse color: 1 1 1
Specular power: 88.2353
Transparency: 1

Vertex format {	3Dvector POSITION; 2Dvector TEXTURE; 3Dvector NORMAL }

Vertices:

0.088159 -0.969372 -0.106087 0.656170 0.014680 0.433054 0.749207 -0.501152
0.222498 -1.061398 -0.091340 0.894167 0.178250 0.616284 0.749414 -0.242018
0.156428 -1.061472 -0.184780 0.776988 0.178459 0.433044 0.749201 -0.501169
0.125471 -0.969325 -0.053320 0.722339 0.014562 0.616281 0.749404 -0.242057
0.237571 -1.061388 0.022104 0.920900 0.177969 0.658114 0.749409 0.072612
0.133986 -0.969317 0.010738 0.737434 0.014403 0.658132 0.749397 0.072571
0.198202 -1.061463 0.129556 0.851063 0.177681 0.548934 0.749212 0.370612
0.111748 -0.969363 0.071414 0.697999 0.014240 0.548881 0.749230 0.370654
0.113406 -1.061584 0.206405 0.700656 0.177450 0.313771 0.748875 0.583725
0.063863 -0.969428 0.114808 0.613067 0.014110 0.313781 0.748872 0.583723
0.002609 -1.061742 0.235053 0.504134 0.177331 0.006477 0.748447 0.663163
0.001305 -0.969522 0.130982 0.502095 0.014043 0.006444 0.748456 0.663153
-0.108813 -1.061891 0.208921 0.306519 0.177351 -0.302558 0.748035 0.590679
-0.061617 -0.969606 0.116225 0.390505 0.014054 -0.302556 0.748035 0.590681
-0.195323 -1.062003 0.134000 0.153081 0.177504 -0.542480 0.747724 0.382915
-0.110462 -0.969670 0.073920 0.303862 0.014140 -0.573082 0.746569 0.337952
-0.237115 -1.062050 0.027460 0.078972 0.177756 -0.650222 0.746489 0.141301
-0.134060 -0.969689 0.013766 0.262014 0.014283 -0.658372 0.747586 0.087527
-0.224603 -1.062012 -0.086290 0.101169 0.178050 -0.623666 0.747686 -0.228049
-0.126998 -0.969670 -0.050469 0.274548 0.014449 -0.623669 0.747685 -0.228046
-0.160657 -1.061919 -0.181203 0.214586 0.178317 -0.446331 0.747943 -0.491293
-0.090888 -0.969615 -0.104066 0.338593 0.014599 -0.446356 0.747936 -0.491282
-0.059930 -1.061770 -0.235526 0.393242 0.178497 -0.167007 0.748340 -0.641947
-0.034013 -0.969530 -0.134743 0.439476 0.014701 -0.114068 0.747321 -0.654599
0.054500 -1.061611 -0.236820 0.596209 0.178549 0.097212 0.747624 -0.656969
0.030604 -0.969447 -0.135470 0.554087 0.014731 0.150416 0.748815 -0.645485
0.156428 -1.061472 -0.184780 0.776988 0.178459 0.611584 0.355536 -0.706795
0.268585 -1.191348 -0.109367 0.975533 0.408925 0.877960 0.202328 -0.433878
0.188886 -1.191442 -0.222074 0.834189 0.409178 0.701583 0.202123 -0.683320
0.222498 -1.061398 -0.091340 0.894167 0.178250 0.869966 0.355883 -0.341331
0.286761 -1.191340 0.027479 1.007780 0.408587 0.979003 0.202427 0.024016
0.237571 -1.061388 0.022104 0.920900 0.177969 0.928932 0.355851 0.102253
0.239277 -1.191423 0.157095 0.923541 0.408238 0.855708 0.202181 0.476326
0.198202 -1.061463 0.129556 0.851063 0.177681 0.774929 0.355638 0.522500
0.136985 -1.191582 0.249791 0.742115 0.407960 0.536278 0.201712 0.819584
0.113406 -1.061584 0.206405 0.700656 0.177450 0.443369 0.355086 0.823005
0.003344 -1.191768 0.284334 0.505064 0.407816 0.093988 0.201039 0.975064
0.002609 -1.061742 0.235053 0.504134 0.177331 0.010101 0.354447 0.935021
-0.131050 -1.191954 0.252819 0.266694 0.407840 -0.369909 0.200406 0.907196
-0.108813 -1.061891 0.208921 0.306519 0.177351 -0.425628 0.353866 0.832838
-0.235410 -1.192085 0.162452 0.081613 0.408025 -0.749154 0.199922 0.631505
-0.195323 -1.062003 0.134000 0.153081 0.177504 -0.763952 0.353500 0.539829
-0.285811 -1.192131 0.033945 -0.007780 0.408329 -0.956842 0.199708 0.211116
-0.237115 -1.062050 0.027460 0.078972 0.177756 -0.927359 0.353296 0.123232
-0.270718 -1.192094 -0.103273 0.018994 0.408683 -0.945378 0.199766 -0.257593
-0.224603 -1.062012 -0.086290 0.101169 0.178050 -0.878445 0.353405 -0.321620
-0.193590 -1.191973 -0.217760 0.155802 0.409006 -0.717416 0.200154 -0.667272
-0.160657 -1.061919 -0.181203 0.214586 0.178317 -0.628375 0.353852 -0.692772
-0.072097 -1.191796 -0.283290 0.371303 0.409223 -0.325154 0.200758 -0.924106
-0.059930 -1.061770 -0.235526 0.393242 0.178497 -0.234462 0.354462 -0.905199
0.065940 -1.191610 -0.284845 0.616127 0.409285 0.141564 0.201393 -0.969227
0.054500 -1.061611 -0.236820 0.596209 0.178549 0.213004 0.355021 -0.910269
0.253167 -1.329414 -0.103264 0.947799 0.653743 0.766392 -0.345437 -0.541587
0.178107 -1.329508 -0.209422 0.814669 0.653980 0.766404 -0.345426 -0.541577
0.268585 -1.191348 -0.109367 0.975533 0.408925 0.984620 -0.115739 -0.130872
0.270300 -1.329405 0.025625 0.978171 0.653423 0.930320 -0.345281 -0.123637
0.253167 -1.329414 -0.103264 0.947799 0.653743 0.930315 -0.345289 -0.123647
0.286761 -1.191340 0.027479 1.007780 0.408587 0.932659 -0.115789 0.341672
0.225563 -1.329489 0.147714 0.898828 0.653096 0.881252 -0.345362 0.322677
0.270300 -1.329405 0.025625 0.978171 0.653423 0.881252 -0.345360 0.322680
0.239277 -1.191423 0.157095 0.923541 0.408238 0.667076 -0.116257 0.735862
0.129224 -1.329629 0.235025 0.727946 0.652834 0.630390 -0.345780 0.695014
0.225563 -1.329489 0.147714 0.898828 0.653096 0.630398 -0.345791 0.695001
0.136985 -1.191582 0.249791 0.742115 0.407960 0.248656 -0.116826 0.961520
0.003344 -1.329806 0.267556 0.504672 0.652698 0.235187 -0.346334 0.908152
0.129224 -1.329629 0.235025 0.727946 0.652834 0.235188 -0.346335 0.908151
0.003344 -1.191768 0.284334 0.505064 0.407816 -0.226544 -0.117521 0.966885
-0.123244 -1.329983 0.237875 0.280155 0.652720 -0.213639 -0.346990 0.913212
0.003344 -1.329806 0.267556 0.504672 0.652698 -0.213671 -0.346967 0.913213
-0.131050 -1.191954 0.252819 0.266694 0.407840 -0.650011 -0.118037 0.750702
-0.221529 -1.330104 0.152753 0.105830 0.652896 -0.613637 -0.347458 0.709029
-0.123244 -1.329983 0.237875 0.280155 0.652720 -0.593359 -0.421472 0.685774
-0.235410 -1.192085 0.162452 0.081613 0.408025 -0.924378 -0.118448 0.362622
-0.269004 -1.330150 0.031718 0.021632 0.653182 -0.872778 -0.347811 0.342471
-0.221529 -1.330104 0.152753 0.105830 0.652896 -0.872780 -0.347809 0.342468
-0.285811 -1.192131 0.033945 -0.007780 0.408329 -0.987005 -0.118435 -0.108603
-0.254788 -1.330113 -0.097526 0.046850 0.653515 -0.931934 -0.347808 -0.102611
-0.269004 -1.330150 0.031718 0.021632 0.653182 -0.931933 -0.347812 -0.102606
-0.270718 -1.192094 -0.103273 0.018994 0.408683 -0.823484 -0.118156 -0.554899
-0.182140 -1.330001 -0.205360 0.175707 0.653819 -0.777474 -0.347577 -0.524141
-0.254788 -1.330113 -0.097526 0.046850 0.653515 -0.751840 -0.421534 -0.506996
-0.193590 -1.191973 -0.217760 0.155802 0.409006 -0.471286 -0.117620 -0.874103
-0.067710 -1.329833 -0.267080 0.378684 0.654023 -0.444815 -0.347054 -0.825647
-0.182140 -1.330001 -0.205360 0.175707 0.653819 -0.444849 -0.347088 -0.825614
-0.072097 -1.191796 -0.283290 0.371303 0.409223 -0.011011 -0.116972 -0.993074
0.062307 -1.329656 -0.268542 0.609280 0.654082 -0.010078 -0.346432 -0.938021
-0.067710 -1.329833 -0.267080 0.378684 0.654023 -0.010093 -0.346443 -0.938017
0.065940 -1.191610 -0.284845 0.616127 0.409285 0.451738 -0.116351 -0.884531
0.178107 -1.329508 -0.209422 0.814669 0.653980 0.426996 -0.345869 -0.835493
0.062307 -1.329656 -0.268542 0.609280 0.654082 0.427040 -0.345837 -0.835484
0.188886 -1.191442 -0.222074 0.834189 0.409178 0.451763 -0.116325 -0.884522
0.179784 -1.443957 -0.074430 0.817316 0.856618 0.766928 -0.566990 -0.300572
0.126551 -1.444022 -0.149724 0.722899 0.856786 0.539578 -0.567226 -0.622182
0.191932 -1.443957 0.016980 0.838857 0.856391 0.818821 -0.566969 0.089882
0.160211 -1.444012 0.103555 0.782586 0.856158 0.683316 -0.567198 0.459745
0.091885 -1.444115 0.165480 0.661394 0.855973 0.391428 -0.567641 0.724271
0.002609 -1.444236 0.188555 0.503046 0.855877 0.010062 -0.568158 0.822858
-0.087171 -1.444357 0.167501 0.343817 0.855892 -0.373390 -0.568692 0.732918
-0.156875 -1.444450 0.107142 0.220184 0.856016 -0.630730 -0.567704 0.529048
-0.190544 -1.444487 0.021293 0.160470 0.856220 -0.815048 -0.569174 0.108337
-0.180463 -1.444460 -0.070369 0.178355 0.856456 -0.771971 -0.569055 -0.283262
-0.128936 -1.444376 -0.146836 0.269742 0.856671 -0.600614 -0.567524 -0.563187
-0.047782 -1.444264 -0.190612 0.413694 0.856816 -0.205220 -0.568269 -0.796841
0.044429 -1.444134 -0.191656 0.577235 0.856858 0.188745 -0.567680 -0.801321
0.000531 -1.517284 -0.004093 0.499169 0.985956 0.239706 -0.956083 -0.168659
0.126551 -1.444022 -0.149724 0.722899 0.856786 0.233471 -0.934654 -0.268167
0.179784 -1.443957 -0.074430 0.817316 0.856618 0.331431 -0.934533 -0.129623
0.191932 -1.443957 0.016980 0.838857 0.856391 0.353777 -0.934532 0.038616
0.160211 -1.444012 0.103555 0.782586 0.856158 0.295385 -0.934634 0.198007
0.000531 -1.517284 -0.004093 0.499169 0.985956 0.153042 -0.979250 0.132842
0.091885 -1.444115 0.165480 0.661394 0.855973 0.169597 -0.934822 0.312002
0.002609 -1.444236 0.188555 0.503046 0.855877 0.005269 -0.935044 0.354492
-0.087171 -1.444357 0.167501 0.343817 0.855892 -0.159931 -0.935268 0.315745
0.000531 -1.517284 -0.004093 0.499169 0.985956 -0.129941 -0.982835 0.130957
-0.156875 -1.444450 0.107142 0.220184 0.856016 -0.288235 -0.935440 0.204629
-0.190544 -1.444487 0.021293 0.160470 0.856220 -0.350223 -0.935507 0.046589
-0.180463 -1.444460 -0.070369 0.178355 0.856456 -0.331658 -0.935457 -0.122157
0.000531 -1.517284 -0.004093 0.499169 0.985956 -0.187297 -0.980014 -0.067020
-0.128936 -1.444376 -0.146836 0.269742 0.856671 -0.236866 -0.935300 -0.262886
-0.047782 -1.444264 -0.190612 0.413694 0.856816 -0.087485 -0.935099 -0.343419
0.044429 -1.444134 -0.191656 0.577235 0.856858 0.082301 -0.934862 -0.345340
-0.129858 -0.988684 -0.070489 0.831692 0.500560 -0.765941 -0.466394 -0.442506
-0.216210 -0.799734 -0.120173 0.417195 0.500122 -0.765956 -0.466388 -0.442485
-0.160657 -0.799651 -0.186392 0.479783 0.376265 -0.568372 -0.466095 -0.678019
-0.096488 -0.988638 -0.110270 0.869282 0.426171 -0.568397 -0.466089 -0.678002
-0.085802 -0.799548 -0.229619 0.659996 0.267346 -0.302216 -0.465703 -0.831737
-0.051527 -0.988573 -0.136234 0.977519 0.360754 -0.302209 -0.465705 -0.831739
-0.000680 -0.799427 -0.244646 0.936099 0.186504 0.000486 -0.465294 -0.885156
-0.000409 -0.988508 -0.145253 1.143346 0.312200 0.000503 -0.465297 -0.885154
0.084451 -0.799315 -0.229647 1.274788 0.143489 0.303286 -0.464894 -0.831800
0.050727 -0.988433 -0.136243 1.346764 0.286365 0.303311 -0.464900 -0.831787
0.159316 -0.799212 -0.186430 1.635214 0.143489 0.569514 -0.464530 -0.678134
0.095686 -0.988378 -0.110289 1.563237 0.286365 0.608500 -0.463833 -0.643884
0.214887 -0.799148 -0.120220 1.973903 0.186505 0.740065 -0.463667 -0.487151
0.129067 -0.988340 -0.070528 1.766654 0.312200 0.792061 -0.463627 -0.397101
0.244466 -0.799110 -0.039001 2.250005 0.267347 0.862085 -0.463560 -0.204746
0.146823 -0.988312 -0.021738 1.932481 0.360754 0.872288 -0.464194 -0.153743
0.244475 -0.799119 0.047444 2.430217 0.376266 0.872319 -0.464211 0.153518
0.146833 -0.988321 0.030171 2.040717 0.426171 0.872333 -0.464200 0.153470
0.214924 -0.799176 0.128671 2.492804 0.500123 0.767212 -0.464383 0.442417
0.129085 -0.988349 0.078961 2.078307 0.500560 0.767209 -0.464385 0.442422
0.159362 -0.799249 0.194900 2.430216 0.623981 0.569633 -0.464661 0.677944
0.095714 -0.988396 0.118740 2.040717 0.574950 0.529049 -0.464102 0.710434
0.084507 -0.799361 0.238126 2.250003 0.732899 0.351810 -0.464361 0.812772
0.050755 -0.988461 0.144695 1.932480 0.640366 0.254216 -0.464484 0.848309
-0.000615 -0.799473 0.253144 1.973900 0.813741 0.052738 -0.464749 0.883871
-0.000373 -0.988536 0.153723 1.766653 0.688920 0.000836 -0.465434 0.885082
-0.085746 -0.799594 0.238146 1.635211 0.856757 -0.301968 -0.465857 0.831740
-0.051499 -0.988601 0.144713 1.563235 0.714755 -0.302008 -0.465867 0.831721
-0.160610 -0.799688 0.194937 1.274785 0.856756 -0.568206 -0.466226 0.678067
-0.096460 -0.988657 0.118759 1.346763 0.714755 -0.568235 -0.466236 0.678036
-0.216182 -0.799763 0.128727 0.936096 0.813741 -0.765846 -0.466480 0.442579
-0.129839 -0.988703 0.078997 1.143345 0.688920 -0.765825 -0.466468 0.442629
-0.245751 -0.799790 0.047500 0.659994 0.732899 -0.871021 -0.466580 0.153708
-0.147596 -0.988722 0.030208 0.977518 0.640366 -0.871022 -0.466585 0.153685
-0.245760 -0.799781 -0.038936 0.479782 0.623980 -0.871055 -0.466546 -0.153617
-0.147605 -0.988712 -0.021711 0.869282 0.574949 -0.871059 -0.466543 -0.153603
-0.216210 -0.799734 -0.120173 0.417195 0.500122 -0.405882 -0.883182 -0.235051
-0.302636 -0.746753 -0.170006 0.001454 0.499999 -0.405868 -0.883187 -0.235058
-0.224827 -0.746632 -0.262757 0.089114 0.326525 -0.300960 -0.883015 -0.360148
-0.160657 -0.799651 -0.186392 0.479783 0.376265 -0.300975 -0.883011 -0.360146
-0.119983 -0.746483 -0.323302 0.341520 0.173974 -0.159655 -0.882804 -0.441778
-0.085802 -0.799548 -0.229619 0.659996 0.267346 -0.159677 -0.882798 -0.441782
-0.000763 -0.746325 -0.344347 0.728228 0.060746 0.001089 -0.882603 -0.470119
-0.000680 -0.799427 -0.244646 0.936099 0.186504 0.001131 -0.882616 -0.470093
0.118474 -0.746166 -0.323340 1.202596 0.000499 0.161909 -0.882404 -0.441757
0.084451 -0.799315 -0.229647 1.274788 0.143489 0.161906 -0.882402 -0.441761
0.223328 -0.746027 -0.262813 1.707407 0.000500 0.303295 -0.882219 -0.360142
0.159316 -0.799212 -0.186430 1.635214 0.143489 0.303302 -0.882225 -0.360122
0.301164 -0.745924 -0.170079 2.181775 0.060747 0.408214 -0.882079 -0.235155
0.214887 -0.799148 -0.120220 1.973903 0.186505 0.408215 -0.882066 -0.235201
0.342583 -0.745887 -0.056320 2.568482 0.173975 0.464047 -0.882029 -0.081769
0.244466 -0.799110 -0.039001 2.250005 0.267347 0.464029 -0.882042 -0.081722
0.342593 -0.745896 0.064753 2.820887 0.326526 0.464062 -0.882045 0.081500
0.244475 -0.799119 0.047444 2.430217 0.376266 0.459149 -0.881694 0.108621
0.301201 -0.745962 0.178522 2.908546 0.500001 0.421969 -0.881746 0.210869
0.214924 -0.799176 0.128671 2.492804 0.500123 0.408347 -0.882092 0.234874
0.223392 -0.746073 0.271274 2.820886 0.673475 0.303386 -0.882257 0.359971
0.159362 -0.799249 0.194900 2.430216 0.623981 0.303340 -0.882270 0.359979
0.118549 -0.746223 0.331819 2.568480 0.826026 0.162047 -0.882459 0.441596
0.084507 -0.799361 0.238126 2.250003 0.732899 0.136021 -0.882171 0.450858
-0.000670 -0.746390 0.352865 2.181772 0.939254 0.028857 -0.882335 0.469737
-0.000615 -0.799473 0.253144 1.973900 0.813741 -0.026373 -0.882403 0.469755
-0.119908 -0.746548 0.331847 1.707404 0.999501 -0.133481 -0.882531 0.450913
-0.085746 -0.799594 0.238146 1.635211 0.856757 -0.159469 -0.882888 0.441677
-0.224762 -0.746688 0.271330 1.202592 0.999500 -0.300884 -0.883088 0.360035
-0.160610 -0.799688 0.194937 1.274785 0.856756 -0.300897 -0.883099 0.359995
-0.302598 -0.746781 0.178596 0.728225 0.939253 -0.405849 -0.883215 0.234983
-0.216182 -0.799763 0.128727 0.936096 0.813741 -0.405850 -0.883203 0.235030
-0.344017 -0.746828 0.064837 0.341518 0.826025 -0.461697 -0.883277 0.081598
-0.245751 -0.799790 0.047500 0.659994 0.732899 -0.461678 -0.883291 0.081549
-0.344027 -0.746819 -0.056236 0.089113 0.673474 -0.461690 -0.883277 -0.081639
-0.245760 -0.799781 -0.038936 0.479782 0.623980 -0.461683 -0.883279 -0.081647
0.132784 -1.444236 0.106834 0.000499 0.500000 0.750954 -0.000254 0.660354
0.070337 -1.540118 0.151915 0.999500 0.353224 0.390078 0.000540 0.920782
0.132653 -1.540155 0.106946 0.999500 0.500000 0.750953 -0.000253 0.660355
0.070468 -1.444198 0.151804 0.000499 0.353224 0.390076 0.000542 0.920782
-0.005319 -1.540081 0.165396 0.999500 0.235519 -0.048070 0.001230 0.998843
-0.005189 -1.444162 0.165284 0.000499 0.235519 -0.048072 0.001232 0.998843
-0.079327 -1.540043 0.144713 0.999501 0.170197 -0.476676 0.001673 0.879077
-0.079197 -1.444134 0.144602 0.000500 0.170197 -0.476674 0.001671 0.879079
-0.137041 -1.540034 0.093968 0.999501 0.170197 -0.810898 0.001785 0.585185
-0.136910 -1.444115 0.093856 0.000500 0.170197 -0.810899 0.001787 0.585183
-0.167011 -1.540034 0.023213 0.999500 0.235519 -0.984495 0.001542 0.175404
-0.166880 -1.444115 0.023091 0.000499 0.235519 -0.984500 0.001562 0.175380
-0.163322 -1.540053 -0.053544 0.999500 0.353224 -0.963112 0.000971 -0.269099
-0.163191 -1.444134 -0.053665 0.000499 0.353224 -0.963112 0.000971 -0.269099
-0.126691 -1.540081 -0.121095 0.999500 0.500000 -0.750952 0.000189 -0.660357
-0.126560 -1.444162 -0.121216 0.000499 0.500000 -0.750952 0.000189 -0.660357
-0.064375 -1.540118 -0.166065 0.999501 0.646776 -0.390077 -0.000631 -0.920782
-0.064244 -1.444198 -0.166186 0.000500 0.646776 -0.390077 -0.000631 -0.920782
0.011282 -1.540155 -0.179545 0.999501 0.764481 0.048069 -0.001325 -0.998843
0.011413 -1.444236 -0.179666 0.000500 0.764481 0.048069 -0.001325 -0.998843
0.085290 -1.540183 -0.158863 0.999501 0.829803 0.476674 -0.001758 -0.879078
0.085420 -1.444273 -0.158984 0.000500 0.829803 0.476674 -0.001758 -0.879078
0.143004 -1.540202 -0.108118 0.999501 0.829803 0.810897 -0.001795 -0.585185
0.143124 -1.444282 -0.108239 0.000500 0.829803 0.852958 -0.001766 -0.521977
0.172974 -1.540202 -0.037361 0.999501 0.764481 0.968348 -0.001602 -0.249599
0.173104 -1.444282 -0.037483 0.000500 0.764481 0.984486 -0.001562 -0.175457
0.169284 -1.540183 0.039394 0.999501 0.646776 0.963111 -0.000994 0.269102
0.169415 -1.444264 0.039282 0.000500 0.646776 0.963112 -0.000996 0.269100
-0.000074 -1.243351 0.257812 0.000499 0.500000 0.750601 0.002134 0.660752
-0.076383 -1.168300 0.318385 0.999500 0.353224 0.676103 0.435725 0.594162
-0.063452 -1.243184 0.329807 0.999500 0.500000 0.750593 0.002119 0.660762
-0.013005 -1.168468 0.246391 0.000499 0.353224 0.676103 0.435723 0.594164
-0.112418 -1.108314 0.286618 0.999500 0.235519 0.467703 0.783127 0.409838
-0.049040 -1.108491 0.214622 0.000499 0.235519 0.467701 0.783150 0.409794
-0.164430 -1.075120 0.240819 0.999501 0.170197 0.166684 0.975389 0.144335
-0.101052 -1.075297 0.168824 0.000500 0.170197 0.166684 0.975389 0.144336
-0.222116 -1.075279 0.190037 0.999501 0.170197 -0.167377 0.974455 -0.149740
-0.158738 -1.075455 0.118041 0.000500 0.170197 -0.222408 0.954617 -0.198096
-0.274044 -1.108770 0.144350 0.999500 0.235519 -0.422455 0.825690 -0.373855
-0.210666 -1.108938 0.072355 0.000499 0.235519 -0.468309 0.780530 -0.414076
-0.309930 -1.168953 0.112796 0.999500 0.353224 -0.676456 0.431972 -0.596495
-0.246552 -1.169120 0.040801 0.000499 0.353224 -0.676457 0.431974 -0.596493
-0.322665 -1.243902 0.101626 0.999500 0.500000 -0.750608 -0.002118 -0.660745
-0.259287 -1.244078 0.029631 0.000499 0.500000 -0.750601 -0.002131 -0.660752
-0.309735 -1.318785 0.113057 0.999501 0.646776 -0.676128 -0.435731 -0.594130
-0.246357 -1.318961 0.041062 0.000500 0.646776 -0.676126 -0.435732 -0.594130
-0.273699 -1.378771 0.144816 0.999501 0.764481 -0.467701 -0.783119 -0.409854
-0.210321 -1.378939 0.072820 0.000500 0.764481 -0.467662 -0.783141 -0.409858
-0.221687 -1.411965 0.190624 0.999501 0.829803 -0.166610 -0.975393 -0.144392
-0.158309 -1.412133 0.118629 0.000500 0.829803 -0.166611 -0.975393 -0.144392
-0.164001 -1.411806 0.241397 0.999501 0.829803 0.167436 -0.974456 0.149669
-0.100624 -1.411974 0.169402 0.000500 0.829803 0.167436 -0.974456 0.149669
-0.112073 -1.378315 0.287083 0.999501 0.764481 0.468322 -0.780516 0.414089
-0.048704 -1.378492 0.215087 0.000500 0.764481 0.468284 -0.780537 0.414092
-0.076188 -1.318132 0.318647 0.999501 0.646776 0.676450 -0.431965 0.596508
-0.012810 -1.318309 0.246652 0.000500 0.646776 0.676418 -0.431999 0.596520
-0.111076 -1.243547 -0.336680 0.000499 0.500000 0.659301 0.001909 -0.751877
-0.050475 -1.168273 -0.260614 0.999500 0.353224 0.592149 0.435557 -0.677974
-0.038960 -1.243156 -0.273442 0.999500 0.500000 0.659303 0.001906 -0.751875
-0.122591 -1.168664 -0.323852 0.000499 0.353224 0.592153 0.435553 -0.677973
-0.082262 -1.108286 -0.224617 0.999500 0.235519 0.407693 0.783006 -0.469773
-0.154378 -1.108677 -0.287855 0.000499 0.235519 0.407687 0.783010 -0.469773
-0.128023 -1.075074 -0.172567 0.999501 0.170197 0.142477 0.975347 -0.168519
-0.200139 -1.075465 -0.235805 0.000500 0.170197 0.093281 0.989269 -0.112451
-0.178684 -1.075223 -0.114788 0.999501 0.170197 -0.101717 0.988716 0.109973
-0.250800 -1.075605 -0.178027 0.000500 0.170197 -0.199085 0.954685 0.221225
-0.224221 -1.108686 -0.062720 0.999500 0.235519 -0.374307 0.825822 0.421796
-0.296337 -1.109077 -0.125958 0.000499 0.235519 -0.414442 0.780640 0.467802
-0.255617 -1.168859 -0.026676 0.999500 0.353224 -0.595892 0.432139 0.676882
-0.327733 -1.169251 -0.089914 0.000499 0.353224 -0.595892 0.432139 0.676882
-0.266638 -1.243817 -0.013792 0.999500 0.500000 -0.659308 -0.001944 0.751870
-0.338754 -1.244199 -0.077030 0.000499 0.500000 -0.659301 -0.001931 0.751877
-0.255113 -1.318701 -0.026620 0.999501 0.646776 -0.592142 -0.435593 0.677958
-0.327230 -1.319092 -0.089858 0.000500 0.646776 -0.592138 -0.435581 0.677969
-0.223327 -1.378688 -0.062618 0.999501 0.764481 -0.407712 -0.782997 0.469773
-0.295443 -1.379079 -0.125865 0.000500 0.764481 -0.407716 -0.783020 0.469730
-0.177575 -1.411900 -0.114667 0.999501 0.829803 -0.142505 -0.975343 0.168517
-0.249692 -1.412290 -0.177905 0.000500 0.829803 -0.142505 -0.975339 0.168542
-0.126905 -1.411750 -0.172446 0.999501 0.829803 0.150929 -0.974488 -0.166115
-0.199031 -1.412141 -0.235684 0.000500 0.829803 0.150929 -0.974488 -0.166115
-0.081377 -1.378278 -0.224514 0.999501 0.764481 0.414441 -0.780653 -0.467782
-0.153483 -1.378669 -0.287752 0.000500 0.764481 0.414445 -0.780674 -0.467743
-0.049981 -1.318113 -0.260558 0.999501 0.646776 0.595903 -0.432172 -0.676851
-0.122098 -1.318505 -0.323796 0.000500 0.646776 0.595894 -0.432146 -0.676875
0.272293 -1.242932 -0.000181 0.000499 0.500000 0.659303 0.001929 -0.751874
0.332886 -1.167658 0.075885 0.999500 0.353224 0.592137 0.435590 -0.677964
0.344409 -1.242541 0.063058 0.999500 0.500000 0.659304 0.001928 -0.751874
0.260769 -1.168049 0.012648 0.000499 0.353224 0.592134 0.435593 -0.677965
0.301098 -1.107662 0.111893 0.999500 0.235519 0.407710 0.782984 -0.469796
0.228982 -1.108053 0.048655 0.000499 0.235519 0.407712 0.782983 -0.469796
0.255347 -1.074450 0.163933 0.999501 0.170197 0.142502 0.975339 -0.168544
0.183230 -1.074841 0.100695 0.000500 0.170197 0.142499 0.975340 -0.168543
0.204685 -1.074599 0.221712 0.999501 0.170197 -0.150928 0.974492 0.166089
0.132569 -1.074990 0.158473 0.000500 0.170197 -0.150924 0.974493 0.166088
0.159148 -1.108071 0.273780 0.999500 0.235519 -0.414445 0.780642 0.467796
0.087032 -1.108463 0.210541 0.000499 0.235519 -0.414454 0.780637 0.467797
0.127753 -1.168244 0.309824 0.999500 0.353224 -0.595882 0.432189 0.676859
0.055636 -1.168636 0.246586 0.000499 0.353224 -0.595878 0.432192 0.676860
0.116732 -1.243193 0.322718 0.999500 0.500000 -0.659303 -0.001850 0.751875
0.044616 -1.243585 0.259479 0.000499 0.500000 -0.659304 -0.001851 0.751874
0.128247 -1.318076 0.309889 0.999501 0.646776 -0.592145 -0.435558 0.677977
0.056130 -1.318467 0.246652 0.000500 0.646776 -0.592144 -0.435553 0.677982
0.160034 -1.378073 0.273882 0.999501 0.764481 -0.407701 -0.782993 0.469789
0.087917 -1.378464 0.210645 0.000500 0.764481 -0.407701 -0.782995 0.469786
0.205794 -1.411285 0.221842 0.999501 0.829803 -0.142491 -0.975343 0.168532
0.133678 -1.411676 0.158604 0.000500 0.829803 -0.142491 -0.975342 0.168535
0.256456 -1.411136 0.164064 0.999501 0.829803 0.150933 -0.974491 -0.166090
0.184339 -1.411527 0.100826 0.000500 0.829803 0.150933 -0.974491 -0.166090
0.301993 -1.377663 0.111996 0.999501 0.764481 0.414427 -0.780663 -0.467777
0.229877 -1.378054 0.048757 0.000500 0.764481 0.414427 -0.780664 -0.467776
0.333388 -1.317490 0.075942 0.999501 0.646776 0.595882 -0.432183 -0.676862
0.261272 -1.317881 0.012704 0.000500 0.646776 0.595882 -0.432183 -0.676862
-0.002366 -1.243380 -0.263371 0.000499 0.500000 -0.751462 -0.000342 -0.659776
0.073617 -1.168077 -0.324039 0.999500 0.353224 -0.678274 0.433574 -0.593261
0.060919 -1.242998 -0.335450 0.999500 0.500000 -0.751440 -0.000382 -0.659801
0.010332 -1.168449 -0.251960 0.000499 0.353224 -0.678271 0.433562 -0.593273
0.109503 -1.107979 -0.292317 0.999500 0.235519 -0.470702 0.781636 -0.409250
0.046218 -1.108351 -0.220247 0.000499 0.235519 -0.470703 0.781616 -0.409287
0.161468 -1.074617 -0.246584 0.999501 0.170197 -0.169946 0.974847 -0.144192
0.098174 -1.074990 -0.174505 0.000500 0.170197 -0.169946 0.974847 -0.144195
0.219210 -1.074589 -0.195876 0.999501 0.170197 0.164454 0.975000 0.149430
0.155925 -1.074962 -0.123797 0.000500 0.170197 0.164455 0.974999 0.149435
0.271296 -1.107903 -0.150255 0.999500 0.235519 0.466285 0.782079 0.413437
0.208011 -1.108276 -0.078176 0.000499 0.235519 0.509638 0.732517 0.451318
0.307424 -1.167965 -0.118739 0.999500 0.353224 0.648874 0.501272 0.572441
0.244131 -1.168347 -0.046669 0.000499 0.353224 0.675733 0.434129 0.595749
0.320421 -1.242886 -0.107587 0.999500 0.500000 0.751364 0.000285 0.659888
0.257126 -1.243259 -0.035517 0.000499 0.500000 0.749449 -0.075518 0.657740
0.307713 -1.317806 -0.118999 0.999501 0.646776 0.700831 -0.363942 0.613500
0.244428 -1.318179 -0.046920 0.000500 0.646776 0.678291 -0.433509 0.593288
0.271828 -1.377905 -0.150712 0.999501 0.764481 0.470723 -0.781614 0.409267
0.208542 -1.378278 -0.078642 0.000500 0.764481 0.424948 -0.826674 0.368822
0.219871 -1.411266 -0.196454 0.999501 0.829803 0.225059 -0.955122 0.192591
0.156586 -1.411648 -0.124375 0.000500 0.829803 0.113991 -0.988940 0.094887
0.162120 -1.411294 -0.247162 0.999501 0.829803 -0.108365 -0.989039 -0.100299
0.098836 -1.411666 -0.175083 0.000500 0.829803 -0.164504 -0.974986 -0.149470
0.110034 -1.377979 -0.292783 0.999501 0.764481 -0.466349 -0.782012 -0.413492
0.046748 -1.378352 -0.220704 0.000500 0.764481 -0.509663 -0.732500 -0.451318
0.073914 -1.317908 -0.324290 0.999501 0.646776 -0.648898 -0.501279 -0.572408
0.010630 -1.318291 -0.252221 0.000500 0.646776 -0.675736 -0.434235 -0.595668
-0.171343 1.395107 -0.092337 0.999500 0.999815 -0.866106 -0.001122 -0.499859
-0.171473 1.491604 -0.092327 0.999500 0.630185 -0.893914 -0.001194 -0.448236
-0.128255 1.491670 -0.143855 0.969377 0.630185 -0.642918 -0.000794 -0.765935
-0.128125 1.395172 -0.143865 0.969377 0.999815 -0.642918 -0.000794 -0.765935
-0.070020 1.491744 -0.177486 0.882640 0.630185 -0.342104 -0.000370 -0.939662
-0.069889 1.395256 -0.177496 0.882640 0.999815 -0.342104 -0.000370 -0.939662
-0.003792 1.491837 -0.189168 0.749750 0.630185 -0.000136 0.000098 -1.000000
-0.003661 1.395340 -0.189178 0.749750 0.999815 -0.000136 0.000098 -1.000000
0.062437 1.491930 -0.177505 0.586737 0.630185 0.341886 0.000555 -0.939741
0.062567 1.395434 -0.177514 0.586737 0.999815 0.341886 0.000555 -0.939741
0.120682 1.492005 -0.143883 0.413263 0.630185 0.642694 0.000941 -0.766123
0.120812 1.395508 -0.143892 0.413263 0.999815 0.642697 0.000937 -0.766120
0.163918 1.492061 -0.092374 0.250250 0.630185 0.865944 0.001217 -0.500140
0.164049 1.395564 -0.092383 0.250250 0.999815 0.865941 0.001220 -0.500144
0.186929 1.492088 -0.029182 0.117361 0.630185 0.984781 0.001349 -0.173793
0.187059 1.395592 -0.029191 0.117361 0.999815 0.984781 0.001349 -0.173793
0.186939 1.492080 0.038071 0.030623 0.630185 0.984832 0.001316 0.173505
0.187069 1.395582 0.038062 0.030623 0.999815 0.984832 0.001316 0.173505
0.163946 1.492042 0.101272 0.000500 0.630185 0.866067 0.001123 0.499927
0.164076 1.395545 0.101263 0.000500 0.999815 0.866066 0.001122 0.499928
0.120719 1.491977 0.152790 0.030623 0.630185 0.642840 0.000796 0.766000
0.120850 1.395480 0.152781 0.030623 0.999815 0.642842 0.000798 0.765999
0.062483 1.491893 0.186421 0.117361 0.630185 0.342173 0.000375 0.939637
0.062614 1.395396 0.186413 0.117361 0.999815 0.342173 0.000375 0.939637
-0.003745 1.491800 0.198114 0.250250 0.630185 0.000136 -0.000096 1.000000
-0.003615 1.395303 0.198104 0.250250 0.999815 0.000132 -0.000098 1.000000
-0.069973 1.491716 0.186440 0.413263 0.630185 -0.341956 -0.000553 0.939716
-0.069843 1.395219 0.186431 0.413263 0.999815 -0.341953 -0.000550 0.939717
-0.128218 1.491642 0.152818 0.586737 0.630185 -0.642693 -0.000941 0.766123
-0.128087 1.395145 0.152809 0.586737 0.999815 -0.642693 -0.000941 0.766123
-0.171455 1.491586 0.101309 0.749750 0.630185 -0.865942 -0.001219 0.500143
-0.171324 1.395089 0.101300 0.749750 0.999815 -0.865943 -0.001220 0.500141
-0.194466 1.491558 0.038117 0.882640 0.630185 -0.984782 -0.001349 0.173791
-0.194335 1.395061 0.038108 0.882640 0.999815 -0.993288 -0.001386 0.115662
-0.194474 1.491567 -0.029136 0.969377 0.630185 -0.993303 -0.001393 -0.115529
-0.194335 1.395070 -0.029145 0.969377 0.999815 -0.972928 -0.001354 -0.231107
-0.310172 0.766602 -0.173024 0.000000 1.000000 -0.791766 -0.309701 -0.526490
-0.434300 1.049711 -0.244414 0.000000 0.000000 -0.793717 -0.231885 -0.562355
-0.323187 1.049869 -0.376862 1.000000 0.000000 -0.656065 -0.308234 -0.688891
-0.230957 0.766714 -0.267462 1.000000 1.000000 -0.655818 -0.309482 -0.688566
-0.230957 0.766714 -0.267462 0.000000 1.000000 -0.655818 -0.309482 -0.688566
-0.323187 1.049869 -0.376862 0.000000 0.000000 -0.656065 -0.308234 -0.688891
-0.173476 1.050083 -0.463324 1.000000 0.000000 -0.380893 -0.307808 -0.871880
-0.124212 0.766872 -0.329107 1.000000 1.000000 -0.304862 -0.450657 -0.839028
-0.124212 0.766872 -0.329107 0.000000 1.000000 -0.304862 -0.450657 -0.839028
-0.173476 1.050083 -0.463324 0.000000 0.000000 -0.380893 -0.307808 -0.871880
-0.003223 1.050316 -0.493370 1.000000 0.000000 -0.059688 -0.307365 -0.949718
-0.002822 0.767039 -0.350525 1.000000 1.000000 0.000538 -0.450252 -0.892901
-0.002822 0.767039 -0.350525 0.000000 0.000000 0.000538 -0.450252 -0.892901
-0.003223 1.050316 -0.493370 0.000000 1.000000 -0.059688 -0.307365 -0.949718
0.167030 1.050549 -0.463362 1.000000 1.000000 0.268774 -0.306911 -0.912998
0.118567 0.767198 -0.329135 1.000000 0.000000 0.268624 -0.308206 -0.912606
0.118567 0.767198 -0.329135 0.000000 1.000000 0.268624 -0.308206 -0.912606
0.167030 1.050549 -0.463362 0.000000 0.000000 0.268774 -0.306911 -0.912998
0.316759 1.050745 -0.376945 1.000000 0.000000 0.564804 -0.306532 -0.766182
0.225330 0.767338 -0.267518 1.000000 1.000000 0.564552 -0.307814 -0.765853
0.225330 0.767338 -0.267518 0.000000 0.000000 0.564552 -0.307814 -0.765853
0.316759 1.050745 -0.376945 0.000000 1.000000 0.564804 -0.306532 -0.766182
0.427901 1.050885 -0.244526 1.000000 1.000000 0.792816 -0.306253 -0.526927
0.304574 0.767440 -0.173098 1.000000 0.000000 0.792485 -0.307534 -0.526678
0.304574 0.767440 -0.173098 0.000000 1.000000 0.792485 -0.307534 -0.526678
0.427901 1.050885 -0.244526 0.000000 0.000000 0.792816 -0.306253 -0.526927
0.487050 1.050950 -0.082071 1.000000 0.000000 0.925230 -0.306125 -0.224138
0.346748 0.767486 -0.057271 1.000000 1.000000 0.879900 -0.449091 -0.155217
0.346748 0.767486 -0.057271 0.000000 1.000000 0.879900 -0.449091 -0.155217
0.487050 1.050950 -0.082071 0.000000 0.000000 0.925230 -0.306125 -0.224138
0.487077 1.050931 0.090810 1.000000 0.000000 0.946124 -0.306080 0.105665
0.346766 0.767478 0.065992 1.000000 1.000000 0.879936 -0.449133 0.154894
0.346766 0.767478 0.065992 0.000000 1.000000 0.879936 -0.449133 0.154894
0.487077 1.050931 0.090810 0.000000 0.000000 0.946124 -0.306080 0.105665
0.427966 1.050838 0.253275 1.000000 0.000000 0.852931 -0.306227 0.422770
0.304620 0.767403 0.181829 1.000000 1.000000 0.852556 -0.307536 0.422575
0.304620 0.767403 0.181829 0.000000 1.000000 0.852556 -0.307536 0.422575
0.427966 1.050838 0.253275 0.000000 0.000000 0.852931 -0.306227 0.422770
0.316852 1.050670 0.385723 1.000000 0.000000 0.656906 -0.306552 0.688840
0.225396 0.767291 0.276258 1.000000 1.000000 0.656594 -0.307846 0.688560
0.225396 0.767291 0.276258 0.000000 1.000000 0.656594 -0.307846 0.688560
0.316852 1.050670 0.385723 0.000000 0.000000 0.656906 -0.306552 0.688840
0.167151 1.050456 0.472176 1.000000 0.000000 0.381716 -0.306953 0.871822
0.118651 0.767132 0.337902 1.000000 1.000000 0.306106 -0.449990 0.838933
0.118651 0.767132 0.337902 0.000000 1.000000 0.306106 -0.449990 0.838933
0.167151 1.050456 0.472176 0.000000 0.000000 0.381716 -0.306953 0.871822
-0.003102 1.050223 0.502221 1.000000 0.000000 0.060538 -0.307396 0.949654
-0.002739 0.766965 0.359330 1.000000 1.000000 0.000750 -0.450392 0.892831
-0.002739 0.766965 0.359330 0.000000 1.000000 0.000750 -0.450392 0.892831
-0.003102 1.050223 0.502221 0.000000 0.000000 0.060538 -0.307396 0.949654
-0.173365 1.050000 0.472223 1.000000 0.000000 -0.267913 -0.307797 0.912953
-0.124129 0.766806 0.337940 1.000000 1.000000 -0.267809 -0.309114 0.912539
-0.124129 0.766806 0.337940 0.000000 0.000000 -0.267809 -0.309114 0.912539
-0.173365 1.050000 0.472223 0.000000 1.000000 -0.267913 -0.307797 0.912953
-0.323093 1.049804 0.385797 1.000000 1.000000 -0.563987 -0.308236 0.766100
-0.230892 0.766667 0.276313 1.000000 0.000000 -0.563745 -0.309503 0.765767
-0.230892 0.766667 0.276313 0.000000 1.000000 -0.563745 -0.309503 0.765767
-0.323093 1.049804 0.385797 0.000000 0.000000 -0.563987 -0.308236 0.766100
-0.434236 1.049664 0.253377 1.000000 0.000000 -0.791974 -0.308517 0.526873
-0.310135 0.766564 0.181904 1.000000 1.000000 -0.791621 -0.309781 0.526662
-0.310135 0.766564 0.181904 0.000000 1.000000 -0.791621 -0.309781 0.526662
-0.434236 1.049664 0.253377 0.000000 0.000000 -0.791974 -0.308517 0.526873
-0.493384 1.049599 0.090931 1.000000 0.000000 -0.924406 -0.308648 0.224075
-0.352309 0.766518 0.066075 1.000000 1.000000 -0.878680 -0.451514 0.155102
-0.352309 0.766518 0.066075 0.000000 1.000000 -0.878680 -0.451514 0.155102
-0.493384 1.049599 0.090931 0.000000 0.000000 -0.924406 -0.308648 0.224075
-0.493403 1.049618 -0.081949 1.000000 0.000000 -0.945277 -0.308659 -0.105740
-0.352318 0.766536 -0.057187 1.000000 1.000000 -0.878709 -0.451495 -0.154991
-0.352318 0.766536 -0.057187 0.000000 0.000000 -0.878709 -0.451495 -0.154991
-0.493403 1.049618 -0.081949 0.000000 1.000000 -0.945277 -0.308659 -0.105740
-0.434300 1.049711 -0.244414 1.000000 1.000000 -0.793717 -0.231885 -0.562355
-0.310172 0.766602 -0.173024 1.000000 0.000000 -0.791766 -0.309701 -0.526490
-0.434300 1.049711 -0.244414 0.000000 1.000000 -0.793717 -0.231885 -0.562355
-0.434385 1.115836 -0.244405 0.000000 0.000000 -0.893935 -0.001134 -0.448195
-0.323280 1.115995 -0.376862 1.000000 0.000000 -0.686718 -0.000901 -0.726924
-0.323187 1.049869 -0.376862 1.000000 1.000000 -0.656065 -0.308234 -0.688891
-0.323187 1.049869 -0.376862 0.000000 1.000000 -0.500099 -0.000648 -0.865968
-0.323280 1.115995 -0.376862 0.000000 0.000000 -0.686718 -0.000901 -0.726924
-0.173569 1.116209 -0.463316 1.000000 0.000000 -0.396678 -0.000478 -0.917957
-0.173476 1.050083 -0.463324 1.000000 1.000000 -0.380893 -0.307808 -0.871880
-0.173476 1.050083 -0.463324 0.000000 1.000000 -0.173782 -0.000118 -0.984784
-0.173569 1.116209 -0.463316 0.000000 0.000000 -0.396678 -0.000478 -0.917957
-0.003317 1.116442 -0.493360 1.000000 0.000000 -0.000106 0.000137 -1.000000
-0.003223 1.050316 -0.493370 1.000000 1.000000 -0.059688 -0.307365 -0.949718
-0.003223 1.050316 -0.493370 0.000000 1.000000 0.173574 0.000387 -0.984821
-0.003317 1.116442 -0.493360 0.000000 0.000000 -0.000106 0.000137 -1.000000
0.166936 1.116675 -0.463353 1.000000 0.000000 0.341902 0.000613 -0.939735
0.167030 1.050549 -0.463362 0.000000 1.000000 0.499848 0.000821 -0.866113
0.166936 1.116675 -0.463353 0.000000 0.000000 0.341902 0.000613 -0.939735
0.316676 1.116871 -0.376936 1.000000 0.000000 0.642672 0.000955 -0.766141
0.316759 1.050745 -0.376945 1.000000 1.000000 0.564804 -0.306532 -0.766182
0.316759 1.050745 -0.376945 0.000000 1.000000 0.765964 0.001060 -0.642883
0.316676 1.116871 -0.376936 0.000000 0.000000 0.642672 0.000955 -0.766141
0.427817 1.117010 -0.244516 1.000000 0.000000 0.865962 0.001169 -0.500108
0.427901 1.050885 -0.244526 0.000000 1.000000 0.939649 0.001243 -0.342139
0.427817 1.117010 -0.244516 0.000000 0.000000 0.865962 0.001169 -0.500108
0.486966 1.117076 -0.082071 1.000000 0.000000 0.984787 0.001276 -0.173763
0.487050 1.050950 -0.082071 1.000000 1.000000 0.925230 -0.306125 -0.224138
0.487050 1.050950 -0.082071 0.000000 1.000000 0.999999 0.001338 -0.000133
0.486966 1.117076 -0.082071 0.000000 0.000000 0.984787 0.001276 -0.173763
0.486984 1.117057 0.090810 1.000000 0.000000 0.993314 0.001351 0.115440
0.487077 1.050931 0.090810 1.000000 1.000000 0.946124 -0.306080 0.105665
0.487077 1.050931 0.090810 0.000000 1.000000 0.939731 0.001322 0.341911
0.486984 1.117057 0.090810 0.000000 0.000000 0.993314 0.001351 0.115440
0.427873 1.116964 0.253275 1.000000 0.000000 0.866089 0.001218 0.499887
0.427966 1.050838 0.253275 1.000000 1.000000 0.852931 -0.306227 0.422770
0.427966 1.050838 0.253275 0.000000 1.000000 0.766123 0.001025 0.642693
0.427873 1.116964 0.253275 0.000000 0.000000 0.866089 0.001218 0.499887
0.316769 1.116797 0.385723 1.000000 0.000000 0.686720 0.000908 0.726922
0.316852 1.050670 0.385723 1.000000 1.000000 0.656906 -0.306552 0.688840
0.316852 1.050670 0.385723 0.000000 1.000000 0.500118 0.000635 0.865957
0.316769 1.116797 0.385723 0.000000 0.000000 0.686720 0.000908 0.726922
0.167058 1.116582 0.472185 1.000000 0.000000 0.342151 0.000375 0.939645
0.167151 1.050456 0.472176 1.000000 1.000000 0.381716 -0.306953 0.871822
0.167151 1.050456 0.472176 0.000000 1.000000 0.173788 0.000104 0.984783
0.167058 1.116582 0.472185 0.000000 0.000000 0.342151 0.000375 0.939645
-0.003195 1.116349 0.502231 1.000000 0.000000 0.000112 -0.000143 1.000000
-0.003102 1.050223 0.502221 1.000000 1.000000 0.060538 -0.307396 0.949654
-0.003102 1.050223 0.502221 0.000000 1.000000 -0.173540 -0.000315 0.984827
-0.003195 1.116349 0.502231 0.000000 0.000000 0.000112 -0.000143 1.000000
-0.173457 1.116126 0.472223 1.000000 0.000000 -0.286177 -0.000450 0.958177
-0.173365 1.050000 0.472223 1.000000 1.000000 -0.267913 -0.307797 0.912953
-0.173365 1.050000 0.472223 0.000000 1.000000 -0.499891 -0.000767 0.866088
-0.173457 1.116126 0.472223 0.000000 0.000000 -0.286177 -0.000450 0.958177
-0.323187 1.115930 0.385807 1.000000 0.000000 -0.596632 -0.000916 0.802514
-0.323093 1.049804 0.385797 0.000000 1.000000 -0.765965 -0.001175 0.642881
-0.323187 1.115930 0.385807 0.000000 0.000000 -0.596632 -0.000916 0.802514
-0.434329 1.115790 0.253386 1.000000 0.000000 -0.865967 -0.001291 0.500099
-0.434236 1.049664 0.253377 1.000000 1.000000 -0.791974 -0.308517 0.526873
-0.434236 1.049664 0.253377 0.000000 1.000000 -0.939655 -0.001368 0.342121
-0.434329 1.115790 0.253386 0.000000 0.000000 -0.865967 -0.001291 0.500099
-0.493477 1.115725 0.090931 1.000000 0.000000 -0.984788 -0.001409 0.173754
-0.493384 1.049599 0.090931 1.000000 1.000000 -0.924406 -0.308648 0.224075
-0.493384 1.049599 0.090931 0.000000 1.000000 -0.999999 -0.001406 0.000107
-0.493477 1.115725 0.090931 0.000000 0.000000 -0.984788 -0.001409 0.173754
-0.493495 1.115734 -0.081949 1.000000 0.000000 -0.984824 -0.001385 -0.173548
-0.493403 1.049618 -0.081949 1.000000 1.000000 -0.945277 -0.308659 -0.105740
-0.493403 1.049618 -0.081949 0.000000 1.000000 -0.939736 -0.001235 -0.341897
-0.493495 1.115734 -0.081949 0.000000 0.000000 -0.984824 -0.001385 -0.173548
-0.434385 1.115836 -0.244405 1.000000 0.000000 -0.893935 -0.001134 -0.448195
-0.434300 1.049711 -0.244414 1.000000 1.000000 -0.939748 -0.001147 -0.341866
-0.434385 1.115836 -0.244405 0.000000 1.000000 -0.586402 0.736241 -0.337760
-0.171343 1.395107 -0.092337 0.000000 0.000000 -0.586399 0.736238 -0.337772
-0.128125 1.395172 -0.143865 1.000000 0.000000 -0.435550 0.736468 -0.517602
-0.323280 1.115995 -0.376862 1.000000 1.000000 -0.435532 0.736458 -0.517630
-0.323280 1.115995 -0.376862 0.000000 1.000000 -0.435532 0.736458 -0.517630
-0.128125 1.395172 -0.143865 0.000000 0.000000 -0.435550 0.736468 -0.517602
-0.069889 1.395256 -0.177496 1.000000 0.000000 -0.232196 0.736745 -0.635053
-0.173569 1.116209 -0.463316 1.000000 1.000000 -0.194724 0.736216 -0.648126
-0.173569 1.116209 -0.463316 0.000000 1.000000 -0.194724 0.736216 -0.648126
-0.069889 1.395256 -0.177496 0.000000 0.000000 -0.232196 0.736745 -0.635053
-0.003661 1.395340 -0.189178 1.000000 0.000000 -0.040776 0.736428 -0.675286
-0.003317 1.116442 -0.493360 1.000000 1.000000 0.038577 0.736545 -0.675288
-0.003317 1.116442 -0.493360 0.000000 1.000000 0.038577 0.736545 -0.675288
-0.003661 1.395340 -0.189178 0.000000 0.000000 -0.040776 0.736428 -0.675286
0.062567 1.395434 -0.177514 1.000000 0.000000 0.192591 0.736751 -0.648156
0.166936 1.116675 -0.463353 1.000000 1.000000 0.230123 0.737371 -0.635081
0.166936 1.116675 -0.463353 0.000000 1.000000 0.230123 0.737371 -0.635081
0.062567 1.395434 -0.177514 0.000000 0.000000 0.192591 0.736751 -0.648156
0.120812 1.395508 -0.143892 1.000000 0.000000 0.433384 0.737641 -0.517749
0.316676 1.116871 -0.376936 1.000000 1.000000 0.433341 0.737654 -0.517767
0.316676 1.116871 -0.376936 0.000000 1.000000 0.433341 0.737654 -0.517767
0.120812 1.395508 -0.143892 0.000000 0.000000 0.433384 0.737641 -0.517749
0.164049 1.395564 -0.092383 1.000000 0.000000 0.584250 0.737847 -0.337985
0.427817 1.117010 -0.244516 1.000000 1.000000 0.584270 0.737839 -0.337967
0.427817 1.117010 -0.244516 0.000000 1.000000 0.584270 0.737839 -0.337967
0.164049 1.395564 -0.092383 0.000000 0.000000 0.584250 0.737847 -0.337985
0.187059 1.395592 -0.029191 1.000000 0.000000 0.664589 0.737931 -0.117390
0.486966 1.117076 -0.082071 1.000000 1.000000 0.664600 0.737924 -0.117368
0.486966 1.117076 -0.082071 0.000000 1.000000 0.664600 0.737924 -0.117368
0.187059 1.395592 -0.029191 0.000000 0.000000 0.664589 0.737931 -0.117390
0.187069 1.395582 0.038062 1.000000 0.000000 0.664631 0.737897 0.117359
0.486984 1.117057 0.090810 1.000000 1.000000 0.664631 0.737897 0.117358
0.486984 1.117057 0.090810 0.000000 1.000000 0.664631 0.737897 0.117358
0.187069 1.395582 0.038062 0.000000 0.000000 0.664631 0.737897 0.117359
0.164076 1.395545 0.101263 1.000000 0.000000 0.584358 0.737767 0.337972
0.427873 1.116964 0.253275 1.000000 1.000000 0.584357 0.737766 0.337975
0.427873 1.116964 0.253275 0.000000 1.000000 0.584357 0.737766 0.337975
0.164076 1.395545 0.101263 0.000000 0.000000 0.584358 0.737767 0.337972
0.120850 1.395480 0.152781 1.000000 0.000000 0.433479 0.737540 0.517814
0.316769 1.116797 0.385723 1.000000 1.000000 0.433501 0.737551 0.517780
0.316769 1.116797 0.385723 0.000000 1.000000 0.433501 0.737551 0.517780
0.120850 1.395480 0.152781 0.000000 0.000000 0.433479 0.737540 0.517814
0.062614 1.395396 0.186413 1.000000 0.000000 0.230248 0.737261 0.635163
0.167058 1.116582 0.472185 1.000000 1.000000 0.230255 0.737264 0.635157
0.167058 1.116582 0.472185 0.000000 1.000000 0.230255 0.737264 0.635157
0.062614 1.395396 0.186413 0.000000 0.000000 0.230248 0.737261 0.635163
-0.003615 1.395303 0.198104 1.000000 0.000000 -0.000894 0.736948 0.675949
-0.003195 1.116349 0.502231 1.000000 1.000000 -0.000900 0.736946 0.675951
-0.003195 1.116349 0.502231 0.000000 1.000000 -0.000900 0.736946 0.675951
-0.003615 1.395303 0.198104 0.000000 0.000000 -0.000894 0.736948 0.675949
-0.069843 1.395219 0.186431 1.000000 0.000000 -0.232089 0.736636 0.635218
-0.173457 1.116126 0.472223 1.000000 1.000000 -0.232102 0.736632 0.635218
-0.173457 1.116126 0.472223 0.000000 1.000000 -0.232102 0.736632 0.635218
-0.069843 1.395219 0.186431 0.000000 0.000000 -0.232089 0.736636 0.635218
-0.128087 1.395145 0.152809 1.000000 0.000000 -0.435390 0.736369 0.517876
-0.323187 1.115930 0.385807 1.000000 1.000000 -0.435372 0.736375 0.517883
-0.323187 1.115930 0.385807 0.000000 1.000000 -0.435372 0.736375 0.517883
-0.128087 1.395145 0.152809 0.000000 0.000000 -0.435390 0.736369 0.517876
-0.171324 1.395089 0.101300 1.000000 0.000000 -0.586286 0.736185 0.338085
-0.434329 1.115790 0.253386 1.000000 1.000000 -0.586292 0.736182 0.338079
-0.434329 1.115790 0.253386 0.000000 1.000000 -0.586292 0.736182 0.338079
-0.171324 1.395089 0.101300 0.000000 0.000000 -0.586286 0.736185 0.338085
-0.194335 1.395061 0.038108 1.000000 0.000000 -0.666606 0.736092 0.117490
-0.493477 1.115725 0.090931 1.000000 1.000000 -0.666609 0.736091 0.117485
-0.493477 1.115725 0.090931 0.000000 1.000000 -0.666609 0.736091 0.117485
-0.194335 1.395061 0.038108 0.000000 0.000000 -0.666606 0.736092 0.117490
-0.194335 1.395070 -0.029145 1.000000 0.000000 -0.666634 0.736105 -0.117249
-0.493495 1.115734 -0.081949 1.000000 1.000000 -0.666634 0.736107 -0.117242
-0.493495 1.115734 -0.081949 0.000000 1.000000 -0.666634 0.736107 -0.117242
-0.194335 1.395070 -0.029145 0.000000 0.000000 -0.666634 0.736105 -0.117249
-0.171343 1.395107 -0.092337 1.000000 0.000000 -0.586399 0.736238 -0.337772
-0.434385 1.115836 -0.244405 1.000000 1.000000 -0.586402 0.736241 -0.337760
-0.168231 -0.855818 -0.456216 0.396659 0.001632 0.342158 0.005397 0.939627
-0.273402 -0.747285 -0.396174 0.000499 0.999500 0.500104 0.005552 0.865948
-0.273066 -0.855967 -0.395670 0.003181 0.003159 0.500104 0.005552 0.865948
-0.168557 -0.747135 -0.456719 0.393977 0.997972 0.342139 0.005375 0.939634
-0.049003 -0.855650 -0.477262 0.999501 0.000500 0.173818 0.005079 0.984765
-0.049338 -0.746968 -0.477755 0.996819 0.996840 0.173755 0.005007 0.984776
0.436565 -0.855035 -0.069362 0.603342 0.001632 -0.903572 0.397817 0.159058
0.440981 -0.746325 -0.194749 0.003181 0.996840 -0.862464 0.397046 0.313863
0.395145 -0.855073 -0.183132 0.000500 0.000500 -0.862464 0.397046 0.313863
0.482401 -0.746278 -0.080989 0.606023 0.997972 -0.903574 0.397814 0.159054
0.436584 -0.855044 0.051701 0.996819 0.003159 -0.921498 0.388383 0.000171
0.482419 -0.746297 0.040074 0.999500 0.999500 -0.921485 0.388414 0.000202
0.271967 -0.746614 0.404681 0.098336 0.996870 0.500098 -0.003519 0.865961
0.273970 0.766751 0.409675 0.092487 -3.046430 0.500098 -0.003519 0.865961
0.167226 0.766593 0.471320 0.410184 -3.045855 0.342133 -0.003805 0.939644
0.167132 -0.746763 0.465227 0.410374 0.997434 0.342145 -0.003804 0.939639
0.045845 0.766434 0.492737 0.959612 -3.044974 0.173773 -0.003975 0.984778
0.047904 -0.746931 0.486272 0.950015 0.998299 0.173828 -0.003971 0.984768
-0.442406 -0.747573 0.203265 0.019508 0.998299 -0.939638 -0.005428 0.342128
-0.449952 0.765782 0.206572 0.006810 -3.044974 -0.939659 -0.005433 0.342069
-0.492117 0.765736 0.090745 0.572075 -3.045855 -0.972878 -0.005517 0.231255
-0.483835 -0.747619 0.089506 0.574704 0.997434 -0.984764 -0.005532 0.173809
-0.492136 0.765745 -0.032517 0.941026 -3.046430 -0.999985 -0.005473 0.000150
-0.483844 -0.747601 -0.031567 0.937083 0.996870 -0.999985 -0.005479 0.000078
-0.224827 -0.746632 -0.262757 0.000000 1.000000 0.003508 -0.999987 0.003613
-0.168557 -0.747135 -0.456719 0.581812 0.997362 0.002821 -0.999989 0.003863
-0.119983 -0.746483 -0.323302 0.000000 1.000000 0.002776 -0.999989 0.003843
-0.273402 -0.747285 -0.396174 0.944188 0.996516 0.003508 -0.999987 0.003613
-0.049338 -0.746968 -0.477755 0.026620 0.998660 0.002044 -0.999990 0.004072
-0.000763 -0.746325 -0.344347 0.000000 1.000000 0.002044 -0.999990 0.004072
0.301164 -0.745924 -0.170079 0.000000 1.000000 -0.002600 -0.999996 0.001316
0.482401 -0.746278 -0.080989 0.000000 1.000000 -0.002675 -0.999996 0.000825
0.342583 -0.745887 -0.056320 0.000000 1.000000 -0.002727 -0.999996 0.000594
0.440981 -0.746325 -0.194749 0.000000 1.000000 -0.002626 -0.999996 0.001369
0.482419 -0.746297 0.040074 0.000000 1.000000 -0.002881 -0.999996 -0.000074
0.342593 -0.745896 0.064753 0.000000 1.000000 -0.002881 -0.999996 -0.000074
0.223392 -0.746073 0.271274 0.000000 1.000000 -0.000753 -0.999993 -0.003773
0.167132 -0.746763 0.465227 0.000000 1.000000 -0.000050 -0.999992 -0.004029
0.118549 -0.746223 0.331819 0.000000 1.000000 -0.000053 -0.999992 -0.004030
0.271967 -0.746614 0.404681 0.000000 1.000000 -0.000759 -0.999993 -0.003775
0.047904 -0.746931 0.486272 0.000000 1.000000 0.000648 -0.999991 -0.004287
-0.000670 -0.746390 0.352865 0.000000 1.000000 0.000648 -0.999991 -0.004287
-0.302598 -0.746781 0.178596 0.000000 1.000000 0.005387 -0.999984 -0.001553
-0.483835 -0.747619 0.089506 0.000000 1.000000 0.005510 -0.999984 -0.000853
-0.344017 -0.746828 0.064837 0.000000 1.000000 0.005485 -0.999985 -0.000816
-0.442406 -0.747573 0.203265 0.000000 1.000000 0.005387 -0.999984 -0.001553
-0.483844 -0.747601 -0.031567 0.000000 1.000000 0.005583 -0.999984 -0.000079
-0.344027 -0.746819 -0.056236 0.000000 1.000000 0.005583 -0.999984 -0.000079
-0.279531 0.766070 -0.400869 0.932319 -3.046781 -0.500085 -0.004699 -0.865963
-0.173644 1.073840 -0.463689 0.559622 -3.867787 -0.342148 -0.004540 -0.939635
-0.172787 0.766220 -0.462515 0.563371 -3.045918 -0.342115 -0.004554 -0.939647
-0.280388 1.073690 -0.402044 0.928571 -3.868649 -0.500087 -0.004698 -0.865962
-0.052254 1.074007 -0.485115 -0.005639 -3.866466 -0.173749 -0.004271 -0.984781
-0.051397 0.766388 -0.483932 -0.001890 -3.044598 -0.173749 -0.004271 -0.984781
0.444391 0.767039 -0.197768 0.948808 -3.044974 0.939637 -0.002796 -0.342161
0.487413 1.074706 -0.082136 0.405995 -3.867725 0.984784 -0.002818 -0.173760
0.486565 0.767086 -0.081949 0.406047 -3.045855 0.984784 -0.002819 -0.173758
0.445238 1.074660 -0.197963 0.948756 -3.866844 0.939647 -0.002808 -0.342134
0.487422 1.074687 0.041127 0.093100 -3.868300 0.999996 -0.002757 -0.000073
0.486574 0.767077 0.041322 0.093152 -3.046430 0.999996 -0.002757 -0.000073
0.167254 1.074213 0.472549 0.410145 -3.867725 0.342160 -0.003787 0.939634
0.273989 1.074361 0.410904 0.092448 -3.868299 0.500132 -0.003491 0.865942
0.045864 1.074045 0.493976 0.959574 -3.866844 0.173773 -0.003975 0.984778
-0.493803 1.073346 0.090996 0.571541 -3.867725 -0.984775 -0.005540 0.173747
-0.451628 1.073393 0.206824 0.006276 -3.866844 -0.939635 -0.005401 0.342137
-0.493822 1.073365 -0.032266 0.940492 -3.868299 -0.999985 -0.005481 0.000150
-0.273402 -0.747285 -0.396174 0.944188 0.996516 -0.488869 -0.208598 -0.847050
-0.168557 -0.747135 -0.456719 0.581812 0.997362 -0.389365 -0.142082 -0.910059
-0.049338 -0.746968 -0.477755 0.026620 0.998660 -0.169739 -0.206447 -0.963623
0.440981 -0.746325 -0.194749 0.939390 0.998299 0.919893 -0.204103 -0.334872
0.482401 -0.746278 -0.080989 0.406298 0.997434 0.964274 -0.138542 -0.225789
0.482419 -0.746297 0.040074 0.098977 0.996870 0.979901 -0.199484 -0.000181
-0.255477 -0.855948 -0.351158 0.999588 0.082973 -0.457094 -0.403711 -0.792516
-0.273402 -0.747285 -0.396174 0.997265 0.940798 -0.488869 -0.208598 -0.847050
-0.150633 -0.855799 -0.411704 0.002910 0.081657 -0.311867 -0.407087 -0.858498
-0.168557 -0.747135 -0.456719 0.000587 0.939483 -0.389365 -0.142082 -0.910059
-0.150633 -0.855799 -0.411704 1.000000 1.000000 -0.311867 -0.407087 -0.858498
-0.168557 -0.747135 -0.456719 0.000000 1.000000 -0.158701 -0.400100 -0.902626
-0.031414 -0.855631 -0.432740 1.000000 0.000000 -0.158701 -0.400100 -0.902626
-0.049338 -0.746968 -0.477755 0.000000 0.000000 -0.169739 -0.206447 -0.963623
0.395145 -0.855073 -0.183132 -0.005708 0.084127 0.862464 -0.397046 -0.313863
0.440981 -0.746325 -0.194749 -0.005882 0.943465 0.919893 -0.204103 -0.334872
0.436565 -0.855035 -0.069362 0.986011 0.085103 0.903572 -0.397817 -0.159058
0.482401 -0.746278 -0.080989 0.985838 0.944442 0.964274 -0.138542 -0.225789
0.436565 -0.855035 -0.069362 1.000000 1.000000 0.903572 -0.397817 -0.159058
0.482401 -0.746278 -0.080989 0.000000 1.000000 0.921498 -0.388383 -0.000171
0.436584 -0.855044 0.051701 1.000000 0.000000 0.921498 -0.388383 -0.000171
0.482419 -0.746297 0.040074 0.000000 0.000000 0.979901 -0.199484 -0.000181
0.116651 -1.243032 0.322642 0.999500 0.500000 0.751480 -0.002626 0.659751
0.230569 -1.242864 0.192886 0.500000 0.500000 0.751496 -0.002640 0.659732
0.128035 -1.168093 0.309981 0.950034 0.277701 0.751496 -0.002640 0.659732
0.159719 -1.107975 0.274123 0.811434 0.099432 0.751513 -0.002589 0.659714
0.205443 -1.074567 0.222176 0.611149 0.000500 0.751480 -0.002629 0.659751
0.256142 -1.074493 0.164425 0.388851 0.000499 0.751499 -0.002622 0.659729
0.301781 -1.107760 0.112320 0.188567 0.099432 0.751412 -0.002593 0.659828
0.333317 -1.167804 0.076164 0.049966 0.277701 0.751446 -0.002633 0.659789
0.344496 -1.242705 0.063131 0.000499 0.500000 0.751451 -0.002649 0.659783
0.333112 -1.317636 0.075801 0.049966 0.722299 0.751451 -0.002608 0.659784
0.301418 -1.377762 0.111658 0.188566 0.900568 0.751448 -0.002618 0.659787
0.255694 -1.411170 0.163605 0.388851 0.999500 0.751463 -0.002599 0.659770
0.204996 -1.411245 0.221356 0.611149 0.999501 0.751502 -0.002586 0.659725
0.159365 -1.377967 0.273462 0.811433 0.900568 0.751481 -0.002578 0.659750
0.127830 -1.317934 0.309617 0.950034 0.722299 0.751489 -0.002588 0.659741
-0.224917 -1.243875 -0.206857 0.500000 0.500000 -0.751469 0.002625 -0.659763
-0.338835 -1.244042 -0.077101 0.999500 0.500000 -0.751480 0.002629 -0.659751
-0.327451 -1.169103 -0.089761 0.950034 0.277701 -0.751497 0.002641 -0.659731
-0.295766 -1.108986 -0.125620 0.811434 0.099432 -0.751515 0.002586 -0.659711
-0.250043 -1.075578 -0.177566 0.611149 0.000500 -0.751477 0.002632 -0.659754
-0.199345 -1.075503 -0.235318 0.388851 0.000499 -0.751457 0.002608 -0.659777
-0.153705 -1.108772 -0.287423 0.188567 0.099432 -0.751412 0.002593 -0.659828
-0.122170 -1.168815 -0.323578 0.049966 0.277701 -0.751446 0.002633 -0.659789
-0.110990 -1.243716 -0.336612 0.000499 0.500000 -0.751451 0.002649 -0.659783
-0.122375 -1.318647 -0.323942 0.049966 0.722299 -0.751451 0.002608 -0.659784
-0.154068 -1.378773 -0.288084 0.188566 0.900568 -0.751448 0.002618 -0.659787
-0.199792 -1.412181 -0.236137 0.388851 0.999500 -0.751463 0.002599 -0.659770
-0.250490 -1.412255 -0.178387 0.611149 0.999501 -0.751502 0.002586 -0.659725
-0.296121 -1.378978 -0.126281 0.811433 0.900568 -0.751481 0.002578 -0.659750
-0.327656 -1.318944 -0.090125 0.950034 0.722299 -0.751489 0.002588 -0.659741
0.002888 -1.540118 -0.007158 0.500000 0.500000 -0.000422 -1.000000 0.000239
0.132625 -1.540145 0.106778 0.999500 0.500000 -0.000422 -1.000000 0.000239
0.070347 -1.540109 0.151794 0.950034 0.277701 -0.000422 -1.000000 0.000239
-0.005300 -1.540071 0.165312 0.811434 0.099432 -0.000451 -1.000000 0.000251
-0.079327 -1.540043 0.144677 0.611149 0.000500 -0.000448 -1.000000 0.000251
-0.137069 -1.540034 0.093968 0.388851 0.000499 -0.000400 -1.000000 0.000278
-0.167085 -1.540043 0.023231 0.188567 0.099432 -0.000389 -1.000000 0.000292
-0.163434 -1.540062 -0.053534 0.049966 0.277701 -0.000400 -1.000000 0.000228
-0.126849 -1.540090 -0.121105 0.000499 0.500000 -0.000450 -1.000000 0.000267
-0.064561 -1.540137 -0.166111 0.049966 0.722299 -0.000507 -1.000000 0.000332
0.011086 -1.540174 -0.179638 0.188566 0.900568 -0.000389 -1.000000 0.000306
0.085103 -1.540193 -0.159003 0.388851 0.999500 -0.000423 -1.000000 0.000262
0.142845 -1.540211 -0.108295 0.611149 0.999501 -0.000509 -1.000000 0.000215
0.172862 -1.540202 -0.037547 0.811433 0.900568 -0.000438 -1.000000 0.000313
0.169219 -1.540183 0.039208 0.950034 0.722299 -0.000454 -1.000000 0.000226
-0.193152 -1.243547 0.215638 0.500000 0.500000 -0.660721 0.000497 0.750632
-0.063546 -1.243286 0.329724 0.999500 0.500000 -0.660734 0.000446 0.750620
-0.076439 -1.168394 0.318329 0.950034 0.277701 -0.660734 0.000446 0.750620
-0.112455 -1.108388 0.286589 0.811434 0.099432 -0.660739 0.000462 0.750615
-0.164449 -1.075148 0.240800 0.611149 0.000500 -0.660743 0.000465 0.750612
-0.222135 -1.075260 0.190027 0.388851 0.000499 -0.660693 0.000450 0.750656
-0.274081 -1.108705 0.144322 0.188567 0.099432 -0.660720 0.000442 0.750632
-0.309995 -1.168859 0.112750 0.049966 0.277701 -0.660698 0.000466 0.750652
-0.322767 -1.243808 0.101552 0.000499 0.500000 -0.660708 0.000493 0.750643
-0.309874 -1.318701 0.112955 0.049966 0.722299 -0.660708 0.000549 0.750643
-0.273858 -1.378706 0.144695 0.188566 0.900568 -0.660692 0.000506 0.750657
-0.221864 -1.411946 0.190484 0.388851 0.999500 -0.660716 0.000531 0.750636
-0.164179 -1.411834 0.241258 0.611149 0.999501 -0.660704 0.000527 0.750647
-0.112232 -1.378389 0.286953 0.811433 0.900568 -0.660677 0.000535 0.750671
-0.076318 -1.318235 0.318526 0.950034 0.722299 -0.660720 0.000489 0.750632
0.190768 -1.242941 -0.221440 0.500000 0.500000 0.659731 0.002641 -0.751497
0.061012 -1.243109 -0.335357 0.999500 0.500000 0.659751 0.002629 -0.751480
0.073673 -1.168170 -0.323974 0.950034 0.277701 0.659731 0.002641 -0.751497
0.109531 -1.108053 -0.292289 0.811434 0.099432 0.659711 0.002586 -0.751515
0.161478 -1.074645 -0.246565 0.611149 0.000500 0.659754 0.002632 -0.751477
0.219228 -1.074571 -0.195867 0.388851 0.000499 0.659733 0.002625 -0.751496
0.271334 -1.107838 -0.150227 0.188567 0.099432 0.659826 0.002597 -0.751414
0.307490 -1.167882 -0.118692 0.049966 0.277701 0.659788 0.002638 -0.751447
0.320523 -1.242783 -0.107512 0.000499 0.500000 0.659785 0.002645 -0.751450
0.307853 -1.317713 -0.118897 0.049966 0.722299 0.659785 0.002608 -0.751450
0.271995 -1.377840 -0.150590 0.188566 0.900568 0.659788 0.002616 -0.751447
0.220048 -1.411248 -0.196314 0.388851 0.999500 0.659771 0.002597 -0.751463
0.162297 -1.411322 -0.247013 0.611149 0.999501 0.659726 0.002584 -0.751502
0.110192 -1.378044 -0.292643 0.811433 0.900568 0.659749 0.002577 -0.751482
0.074036 -1.318011 -0.324178 0.950034 0.722299 0.659742 0.002584 -0.751487
-0.003763 1.491818 0.004468 0.500000 0.500000 -0.001304 0.999999 0.000090
-0.128255 1.491670 -0.143855 0.969377 0.326525 -0.001304 0.999999 0.000090
-0.171473 1.491604 -0.092327 0.999500 0.500000 -0.001356 0.999999 0.000134
-0.070020 1.491744 -0.177486 0.882640 0.173974 -0.001320 0.999999 0.000071
-0.003792 1.491837 -0.189168 0.749750 0.060747 -0.001387 0.999999 0.000096
0.062437 1.491930 -0.177505 0.586737 0.000500 -0.001421 0.999999 0.000096
0.120682 1.492005 -0.143883 0.413263 0.000499 -0.001356 0.999999 0.000119
0.163918 1.492061 -0.092374 0.250250 0.060747 -0.001391 0.999999 0.000090
0.186929 1.492088 -0.029182 0.117361 0.173974 -0.001404 0.999999 0.000068
0.186939 1.492080 0.038071 0.030623 0.326525 -0.001392 0.999999 0.000134
0.163946 1.492042 0.101272 0.000499 0.500000 -0.001384 0.999999 0.000090
0.120719 1.491977 0.152790 0.030623 0.673475 -0.001392 0.999999 0.000103
0.062483 1.491893 0.186421 0.117361 0.826026 -0.001380 0.999999 0.000093
-0.003745 1.491800 0.198114 0.250250 0.939253 -0.001336 0.999999 0.000096
-0.069973 1.491716 0.186440 0.413263 0.999501 -0.001285 0.999999 0.000096
-0.128218 1.491642 0.152818 0.586737 0.999500 -0.001326 0.999999 0.000081
-0.171455 1.491586 0.101309 0.749750 0.939253 -0.001359 0.999999 0.000053
-0.194466 1.491558 0.038117 0.882640 0.826026 -0.001359 0.999999 0.000052
-0.194474 1.491567 -0.029136 0.969377 0.673475 -0.001344 0.999999 0.000141
-0.000391 -0.988517 0.004235 -0.325485 0.835000 0.001392 -0.999999 -0.000059
-0.129858 -0.988684 -0.070489 -0.325485 0.835000 0.001326 -0.999999 -0.000056
-0.096488 -0.988638 -0.110270 -0.325485 0.818245 0.001326 -0.999999 -0.000056
-0.051527 -0.988573 -0.136234 -0.325485 0.803510 0.001323 -0.999999 -0.000083
-0.000409 -0.988508 -0.145253 -0.325485 0.792574 0.001369 -0.999999 -0.000060
0.050727 -0.988433 -0.136243 -0.325485 0.786755 0.001391 -0.999999 -0.000092
0.095686 -0.988378 -0.110289 -0.325485 0.786755 0.001305 -0.999999 -0.000123
0.129067 -0.988340 -0.070528 -0.325485 0.792574 0.001346 -0.999999 -0.000037
0.146823 -0.988312 -0.021738 -0.325485 0.803510 0.001382 -0.999999 -0.000060
0.146833 -0.988321 0.030171 -0.325485 0.818245 0.001360 -0.999999 -0.000183
0.129085 -0.988349 0.078961 -0.325485 0.835000 0.001343 -0.999999 -0.000085
0.095714 -0.988396 0.118740 -0.325485 0.851755 0.001326 -0.999999 -0.000056
0.050755 -0.988461 0.144695 -0.325485 0.866490 0.001385 -0.999999 -0.000106
-0.000373 -0.988536 0.153723 -0.325485 0.877426 0.001369 -0.999999 -0.000124
-0.051499 -0.988601 0.144713 -0.325485 0.883245 0.001303 -0.999999 -0.000124
-0.096460 -0.988657 0.118759 -0.325485 0.883245 0.001370 -0.999999 -0.000073
-0.129839 -0.988703 0.078997 -0.325485 0.877426 0.001425 -0.999999 -0.000027
-0.147596 -0.988722 0.030208 -0.325485 0.866490 0.001371 -0.999999 -0.000120
-0.147605 -0.988712 -0.021711 -0.325485 0.851755 0.001360 -0.999999 -0.000183
-0.302636 -0.746753 -0.170006 0.529851 0.999669 -0.866088 -0.005310 -0.499863
-0.310172 0.766602 -0.173024 0.537396 0.000890 -0.791766 -0.309701 -0.526490
-0.230957 0.766714 -0.267462 0.669907 0.000995 -0.655818 -0.309482 -0.688566
-0.224827 -0.746632 -0.262757 0.660001 0.999772 -0.766109 -0.005101 -0.642690
-0.000763 -0.746325 -0.344347 0.345765 0.994673 0.173544 -0.003784 -0.984819
-0.002822 0.767039 -0.350525 0.346206 -0.004209 0.173544 -0.003784 -0.984819
0.118567 0.767198 -0.329135 0.484114 -0.004209 0.268624 -0.308206 -0.912606
0.118474 -0.746166 -0.323340 0.481216 0.994673 0.341879 -0.003619 -0.939737
0.118567 0.767198 -0.329135 0.484114 -0.004209 0.499858 -0.003347 -0.866101
0.225330 0.767338 -0.267518 0.605393 -0.004250 0.564552 -0.307814 -0.765853
0.223328 -0.746027 -0.262813 0.600334 0.994633 0.642723 -0.003233 -0.766092
0.225330 0.767338 -0.267518 0.605393 -0.004250 0.765980 -0.003013 -0.642857
0.304574 0.767440 -0.173098 0.695415 -0.004328 0.792485 -0.307534 -0.526678
0.301164 -0.745924 -0.170079 0.688752 0.994556 0.765944 -0.003008 -0.642900
0.342593 -0.745896 0.064753 -0.334282 0.000500 0.939728 -0.002872 0.341912
0.346766 0.767478 0.065992 -0.331702 0.999500 0.939728 -0.002872 0.341912
0.304620 0.767403 0.181829 -0.476557 0.999501 0.852556 -0.307536 0.422575
0.301201 -0.745962 0.178522 -0.476557 0.000500 0.866072 -0.003049 0.499910
0.304620 0.767403 0.181829 -0.476557 0.999501 0.766086 -0.003135 0.642731
0.225396 0.767291 0.276258 -0.621412 0.999501 0.656594 -0.307846 0.688560
0.223392 -0.746073 0.271274 -0.618832 0.000500 0.766123 -0.003131 0.642687
-0.000670 -0.746390 0.352865 0.383555 0.999501 -0.173532 -0.004444 0.984818
-0.002739 0.766965 0.359330 0.380708 0.000500 -0.173532 -0.004444 0.984818
-0.124129 0.766806 0.337940 0.485036 0.000500 -0.267809 -0.309114 0.912539
-0.119908 -0.746548 0.331847 0.486025 0.999501 -0.341940 -0.004737 0.939710
-0.124129 0.766806 0.337940 0.485036 0.000500 -0.499906 -0.004881 0.866066
-0.230892 0.766667 0.276313 0.596060 0.000500 -0.563745 -0.309503 0.765767
-0.224762 -0.746688 0.271330 0.595071 0.999501 -0.642664 -0.005126 0.766131
-0.230892 0.766667 0.276313 0.596060 0.000500 -0.765935 -0.005220 0.642897
-0.310135 0.766564 0.181904 0.700388 0.000500 -0.791621 -0.309781 0.526662
-0.302598 -0.746781 0.178596 0.697541 0.999501 -0.765933 -0.005219 0.642900
-0.344027 -0.746819 -0.056236 0.370206 0.999552 -0.939716 -0.005363 -0.341914
-0.352318 0.766536 -0.057187 0.374855 0.000771 -0.939716 -0.005363 -0.341914
-0.310172 0.766602 -0.173024 0.537396 0.000890 -0.939716 -0.005363 -0.341914
-0.230957 0.766714 -0.267462 0.701245 0.169205 -0.939650 -0.002027 0.342130
-0.273402 -0.747285 -0.396174 1.020885 0.999500 -0.939651 -0.002743 0.342123
-0.224827 -0.746632 -0.262757 0.682775 0.999175 -0.939651 -0.002743 0.342123
-0.279531 0.766070 -0.400869 1.039355 0.169531 -0.939647 -0.002028 0.342140
-0.000763 -0.746325 -0.344347 -0.059069 0.980953 0.939652 -0.000118 -0.342132
-0.051397 0.766388 -0.483932 0.257824 0.151308 0.939650 0.000597 -0.342135
-0.002822 0.767039 -0.350525 -0.050118 0.150983 0.939650 0.000597 -0.342135
-0.049338 -0.746968 -0.477755 0.248873 0.981278 0.939652 -0.000118 -0.342132
0.304574 0.767440 -0.173098 0.291459 0.169205 -0.173758 -0.000860 -0.984788
0.440981 -0.746325 -0.194749 0.011154 0.999500 -0.173762 -0.001573 -0.984786
0.301164 -0.745924 -0.170079 0.299850 0.999175 -0.173762 -0.001573 -0.984786
0.444391 0.767039 -0.197768 0.002763 0.169531 -0.173756 -0.000860 -0.984788
0.342593 -0.745896 0.064753 0.349825 0.999175 0.173765 -0.001286 0.984786
0.486574 0.767077 0.041322 0.003150 0.169531 0.173767 -0.000565 0.984787
0.346766 0.767478 0.065992 0.331869 0.169205 0.173767 -0.000565 0.984787
0.482419 -0.746297 0.040074 0.021107 0.999500 0.173801 -0.001289 0.984780
0.225396 0.767291 0.276258 0.322387 0.169205 0.939656 0.000597 -0.342121
0.271967 -0.746614 0.404681 0.020503 0.999500 0.939651 -0.000117 -0.342135
0.223392 -0.746073 0.271274 0.339830 0.999175 0.939651 -0.000117 -0.342135
0.273970 0.766751 0.409675 0.003060 0.169531 0.939660 0.000598 -0.342110
-0.000670 -0.746390 0.352865 0.000155 0.999175 -0.939631 -0.002746 0.342178
0.045845 0.766434 0.492737 0.307145 0.169531 -0.939632 -0.002028 0.342181
-0.002739 0.766965 0.359330 0.008825 0.169205 -0.939632 -0.002028 0.342181
0.047904 -0.746931 0.486272 0.298474 0.999500 -0.939651 -0.002740 0.342123
-0.310135 0.766564 0.181904 0.009965 0.169205 0.173763 -0.000572 0.984787
-0.442406 -0.747573 0.203265 0.336986 0.999500 0.173772 -0.001287 0.984785
-0.302598 -0.746781 0.178596 0.000155 0.999175 0.173772 -0.001287 0.984785
-0.449952 0.765782 0.206572 0.346776 0.169531 0.173757 -0.000572 0.984788
-0.344027 -0.746819 -0.056236 -0.121766 0.999183 -0.173749 -0.001571 -0.984789
-0.492136 0.765745 -0.032517 0.066429 0.177835 -0.173753 -0.000859 -0.984789
-0.352318 0.766536 -0.057187 -0.112018 0.177513 -0.173753 -0.000859 -0.984789
-0.483844 -0.747601 -0.031567 0.056680 0.999505 -0.173745 -0.001570 -0.984789
-0.280388 1.073690 -0.402044 1.042415 0.000825 -0.939649 -0.001312 0.342137
-0.231814 1.074333 -0.268636 0.704306 0.000500 -0.939649 -0.001312 0.342137
-0.003680 1.074650 -0.351699 -0.047330 -0.017723 0.939649 0.001312 -0.342138
-0.052254 1.074007 -0.485115 0.260611 -0.017398 0.939656 0.001302 -0.342118
0.445238 1.074660 -0.197963 0.000150 0.000825 -0.173754 -0.000147 -0.984789
0.305422 1.075060 -0.173294 0.288846 0.000500 -0.173754 -0.000147 -0.984789
0.347605 1.075088 0.065796 0.328893 0.000500 0.173769 0.000155 0.984786
0.487422 1.074687 0.041127 0.000150 0.000825 0.173754 0.000148 0.984789
0.273989 1.074361 0.410904 0.000150 0.000825 0.939660 0.001311 -0.342108
0.225414 1.074902 0.277496 0.319497 0.000499 0.939652 0.001321 -0.342128
-0.002720 1.074585 0.360559 0.011526 0.000499 -0.939632 -0.001311 0.342184
0.045864 1.074045 0.493976 0.309845 0.000825 -0.939639 -0.001321 0.342164
-0.451628 1.073393 0.206824 0.349825 0.000825 0.173753 0.000142 0.984789
-0.311821 1.074184 0.182155 0.013014 0.000499 0.173765 0.000147 0.984787
-0.354005 1.074147 -0.056936 -0.110403 0.010494 -0.173757 -0.000147 -0.984789
-0.493822 1.073365 -0.032266 0.068044 0.010816 -0.173757 -0.000147 -0.984789

Indices: 
0 1 2 0 3 1 3 4 1 3 5 4 5 6 4 5 7 6 7 8 6 7 9 8 9 10 8 9 11 10 11 12 10 11 13 12 13 14 12 13 15 14 15 16 14 15 17 16 17 18 16 17 19 18 19 20 18 19 21 20 21 22 20 21 23 22 23 24 22 23 25 24 25 2 24 25 0 2 26 27 28 26 29 27 29 30 27 29 31 30 31 32 30 31 33 32 33 34 32 33 35 34 35 36 34 35 37 36 37 38 36 37 39 38 39 40 38 39 41 40 41 42 40 41 43 42 43 44 42 43 45 44 45 46 44 45 47 46 47 48 46 47 49 48 49 50 48 49 51 50 51 28 50 51 26 28 28 52 53 28 27 52 54 55 56 54 30 55 57 58 59 57 32 58 60 61 62 60 34 61 63 64 65 63 36 64 66 67 68 66 38 67 69 70 71 69 40 70 72 73 74 72 42 73 75 76 77 75 44 76 78 79 80 78 46 79 81 82 83 81 48 82 84 85 86 84 50 85 87 88 89 87 90 88 53 91 92 53 52 91 56 93 91 56 55 93 59 94 93 59 58 94 62 95 94 62 61 95 65 96 95 65 64 96 68 97 96 68 67 97 71 98 97 71 70 98 74 99 98 74 73 99 77 100 99 77 76 100 80 101 100 80 79 101 83 102 101 83 82 102 86 103 102 86 85 103 89 92 103 89 88 92 104 105 106 104 106 107 104 107 108 109 108 110 109 110 111 109 111 112 113 112 114 113 114 115 113 115 116 117 116 118 117 118 119 117 119 120 117 120 105 121 122 123 121 123 124 124 123 125 124 125 126 126 125 127 126 127 128 128 127 129 128 129 130 130 129 131 130 131 132 132 131 133 132 133 134 134 133 135 134 135 136 136 135 137 136 137 138 138 137 139 138 139 140 140 139 141 140 141 142 142 141 143 142 143 144 144 143 145 144 145 146 146 145 147 146 147 148 148 147 149 148 149 150 150 149 151 150 151 152 152 151 153 152 153 154 154 153 155 154 155 156 156 155 122 156 122 121 157 158 159 157 159 160 160 159 161 160 161 162 162 161 163 162 163 164 164 163 165 164 165 166 166 165 167 166 167 168 168 167 169 168 169 170 170 169 171 170 171 172 172 171 173 172 173 174 174 173 175 174 175 176 176 175 177 176 177 178 178 177 179 178 179 180 180 179 181 180 181 182 182 181 183 182 183 184 184 183 185 184 185 186 186 185 187 186 187 188 188 187 189 188 189 190 190 189 191 190 191 192 192 191 158 192 158 157 193 194 195 193 196 194 196 197 194 196 198 197 198 199 197 198 200 199 200 201 199 200 202 201 202 203 201 202 204 203 204 205 203 204 206 205 206 207 205 206 208 207 208 209 207 208 210 209 210 211 209 210 212 211 212 213 211 212 214 213 214 215 213 214 216 215 216 217 215 216 218 217 218 219 217 218 220 219 220 195 219 220 193 195 221 222 223 221 224 222 224 225 222 224 226 225 226 227 225 226 228 227 228 229 227 228 230 229 230 231 229 230 232 231 232 233 231 232 234 233 234 235 233 234 236 235 236 237 235 236 238 237 238 239 237 238 240 239 240 241 239 240 242 241 242 243 241 242 244 243 244 245 243 244 246 245 246 247 245 246 248 247 248 223 247 248 221 223 249 250 251 249 252 250 252 253 250 252 254 253 254 255 253 254 256 255 256 257 255 256 258 257 258 259 257 258 260 259 260 261 259 260 262 261 262 263 261 262 264 263 264 265 263 264 266 265 266 267 265 266 268 267 268 269 267 268 270 269 270 271 269 270 272 271 272 273 271 272 274 273 274 275 273 274 276 275 276 251 275 276 249 251 277 278 279 277 280 278 280 281 278 280 282 281 282 283 281 282 284 283 284 285 283 284 286 285 286 287 285 286 288 287 288 289 287 288 290 289 290 291 289 290 292 291 292 293 291 292 294 293 294 295 293 294 296 295 296 297 295 296 298 297 298 299 297 298 300 299 300 301 299 300 302 301 302 303 301 302 304 303 304 279 303 304 277 279 305 306 307 305 308 306 308 309 306 308 310 309 310 311 309 310 312 311 312 313 311 312 314 313 314 315 313 314 316 315 316 317 315 316 318 317 318 319 317 318 320 319 320 321 319 320 322 321 322 323 321 322 324 323 324 325 323 324 326 325 326 327 325 326 328 327 328 329 327 328 330 329 330 331 329 330 332 331 332 307 331 332 305 307 333 334 335 333 335 336 336 335 337 336 337 338 338 337 339 338 339 340 340 339 341 340 341 342 342 341 343 342 343 344 344 343 345 344 345 346 346 345 347 346 347 348 348 347 349 348 349 350 350 349 351 350 351 352 352 351 353 352 353 354 354 353 355 354 355 356 356 355 357 356 357 358 358 357 359 358 359 360 360 359 361 360 361 362 362 361 363 362 363 364 364 363 365 364 365 366 366 365 367 366 367 368 368 367 334 368 334 333 369 370 371 369 371 372 373 374 375 373 375 376 377 378 379 377 379 380 381 382 383 381 383 384 385 386 387 385 387 388 389 390 391 389 391 392 393 394 395 393 395 396 397 398 399 397 399 400 401 402 403 401 403 404 405 406 407 405 407 408 409 410 411 409 411 412 413 414 415 413 415 416 417 418 419 417 419 420 421 422 423 421 423 424 425 426 427 425 427 428 429 430 431 429 431 432 433 434 435 433 435 436 437 438 439 437 439 440 441 442 443 441 443 444 445 446 447 445 447 448 449 450 451 449 451 452 453 454 455 453 455 383 456 457 458 456 458 459 460 461 462 460 462 391 463 464 465 463 465 466 467 468 469 467 469 470 471 472 473 471 473 474 475 476 477 475 477 478 479 480 481 479 481 482 483 484 485 483 485 486 487 488 489 487 489 490 491 492 493 491 493 423 494 495 496 494 496 497 498 499 500 498 500 501 502 503 504 502 504 505 506 507 508 506 508 509 510 511 512 510 512 513 514 515 516 514 516 517 518 519 520 518 520 521 522 523 524 522 524 525 526 527 528 526 528 529 530 531 532 530 532 533 534 535 536 534 536 537 538 539 540 538 540 541 542 543 544 542 544 545 546 547 548 546 548 549 550 551 552 550 552 553 554 555 556 554 556 557 558 559 560 558 560 561 562 563 564 562 564 565 566 567 568 566 568 569 570 571 572 570 572 573 574 575 576 574 576 577 578 579 580 578 580 581 582 583 584 583 582 585 586 585 582 585 586 587 588 589 590 589 588 591 592 591 588 591 592 593 594 595 596 594 596 597 597 596 598 597 598 599 600 601 602 600 602 603 603 602 604 603 604 605 606 607 608 607 606 609 608 610 611 610 608 607 612 613 614 613 612 615 614 616 617 616 614 613 618 619 620 619 618 621 620 622 623 622 620 619 624 625 626 625 624 627 626 628 629 628 626 625 630 631 632 631 630 633 632 634 635 634 632 631 636 637 638 637 636 639 638 640 641 640 638 637 595 642 596 642 595 643 596 644 598 644 596 642 601 645 602 645 601 646 602 647 604 647 602 645 648 630 632 648 632 649 649 632 635 649 635 650 651 636 638 651 638 652 652 638 641 652 641 653 654 655 656 657 656 655 658 659 660 661 660 659 662 663 664 665 664 663 666 667 668 669 668 667 670 671 672 672 671 673 673 671 674 674 671 675 675 671 676 676 671 677 677 671 678 678 671 679 679 671 680 680 671 681 681 671 682 682 671 683 683 671 684 684 671 670 685 686 687 685 687 688 685 688 689 685 689 690 685 690 691 685 691 692 685 692 693 685 693 694 685 694 695 685 695 696 685 696 697 685 697 698 685 698 699 685 699 686 700 701 702 700 702 703 700 703 704 700 704 705 700 705 706 700 706 707 700 707 708 700 708 709 700 709 710 700 710 711 700 711 712 700 712 713 700 713 714 700 714 701 715 716 717 715 717 718 715 718 719 715 719 720 715 720 721 715 721 722 715 722 723 715 723 724 715 724 725 715 725 726 715 726 727 715 727 728 715 728 729 715 729 716 730 731 732 730 732 733 730 733 734 730 734 735 730 735 736 730 736 737 730 737 738 730 738 739 730 739 740 730 740 741 730 741 742 730 742 743 730 743 744 730 744 731 745 746 747 745 748 746 745 749 748 745 750 749 745 751 750 745 752 751 745 753 752 745 754 753 745 755 754 745 756 755 745 757 756 745 758 757 745 759 758 745 760 759 745 761 760 745 762 761 745 763 762 745 747 763 764 765 766 764 766 767 764 767 768 764 768 769 764 769 770 764 770 771 764 771 772 764 772 773 764 773 774 764 774 775 764 775 776 764 776 777 764 777 778 764 778 779 764 779 780 764 780 781 764 781 782 764 782 765 783 784 785 783 785 786 787 788 789 787 789 790 790 791 792 790 792 793 793 794 795 793 795 796 797 798 799 797 799 800 800 801 802 800 802 803 804 805 806 804 806 807 807 808 809 807 809 810 810 811 812 810 812 813 814 815 816 814 816 783 817 818 819 818 817 820 821 822 823 822 821 824 825 826 827 826 825 828 829 830 831 830 829 832 833 834 835 834 833 836 837 838 839 838 837 840 841 842 843 842 841 844 845 846 847 846 845 848 817 849 820 849 817 850 822 851 823 851 822 852 825 853 828 853 825 854 830 855 831 855 830 856 833 857 836 857 833 858 838 859 839 859 838 860 841 861 844 861 841 862 846 863 847 863 846 864 