Indexed mesh of 268 triangles 
Vertex Count: 544
Index Count: 804
Material Count: 3
Texture Count: 3
Scale in meters: 1
Has transparencies: 0

Texture 0: models\iss_parts\textures\ISSDISH.BMP
Texture 1: models\iss_parts\textures\ISSMOD.BMP
Texture 2: models\iss_parts\textures\ISSRAD.BMP

Group name: iss_issrad.001_iss_issrad.002
Material name: issrad_with_Tex:
Material Start: 0
Material Size: 84
Material Filename: 2
Light Map: 0
Ilumination: 0
Diffuse color: 1 1 1
Specular power: 88.2353
Transparency: 1

Group name: iss_issrad.001_iss_issrad.002
Material name: issdish_with_Tex
Material Start: 84
Material Size: 360
Material Filename: 0
Light Map: 0
Ilumination: 0
Diffuse color: 1 1 1
Specular power: 88.2353
Transparency: 1

Group name: iss_issrad.001_iss_issrad.002
Material name: issmod_with_Tex:
Material Start: 444
Material Size: 360
Material Filename: 1
Light Map: 0
Ilumination: 0
Diffuse color: 1 1 1
Specular power: 88.2353
Transparency: 1

Vertex format {	3Dvector POSITION; 2Dvector TEXTURE; 3Dvector NORMAL }

Vertices:

-0.461352 1.423664 -0.105601 0.999500 0.999481 0.000468 -0.344970 -0.938614
0.462562 0.858336 0.102637 0.000500 0.000519 0.000468 -0.344970 -0.938614
-0.460437 0.856862 0.102718 0.000499 0.999501 0.000468 -0.344970 -0.938614
0.461637 1.425137 -0.105691 0.999501 0.000499 0.000458 -0.344985 -0.938608
-0.460437 0.856862 0.102718 0.000499 0.999501 -0.000468 0.344970 0.938614
0.462562 0.858336 0.102637 0.000500 0.000519 -0.000468 0.344970 0.938614
-0.461352 1.423664 -0.105601 0.999500 0.999481 -0.000468 0.344970 0.938614
0.461648 1.425137 -0.105691 0.999501 0.000499 -0.000458 0.344985 0.938608
0.461648 1.423461 -0.105691 0.999500 0.999481 -0.000630 0.344984 -0.938608
-0.462236 1.988799 0.102718 0.000500 0.000519 -0.000630 0.344984 -0.938608
0.460764 1.990262 0.102636 0.000499 0.999501 -0.000630 0.344984 -0.938608
-0.461352 1.421988 -0.105601 0.999501 0.000499 -0.000643 0.344965 -0.938615
0.460764 1.990262 0.102636 0.000499 0.999501 0.000630 -0.344984 0.938608
-0.462236 1.988799 0.102718 0.000500 0.000519 0.000630 -0.344984 0.938608
0.461648 1.423461 -0.105691 0.999500 0.999481 0.000630 -0.344984 0.938608
-0.461352 1.421988 -0.105601 0.999501 0.000499 0.000643 -0.344965 0.938615
-0.459553 0.293606 -0.105600 0.999500 0.999481 0.000464 -0.344970 -0.938614
0.464361 -0.271732 0.102637 0.000500 0.000519 0.000464 -0.344970 -0.938614
-0.458639 -0.273195 0.102718 0.000499 0.999501 0.000464 -0.344970 -0.938614
0.463436 0.295079 -0.105691 0.999501 0.000499 0.000458 -0.344979 -0.938610
-0.458639 -0.273195 0.102718 0.000499 0.999501 -0.000464 0.344970 0.938614
0.464361 -0.271732 0.102637 0.000500 0.000519 -0.000464 0.344970 0.938614
-0.459553 0.293606 -0.105600 0.999500 0.999481 -0.000464 0.344970 0.938614
0.463436 0.295079 -0.105691 0.999501 0.000499 -0.000458 0.344979 0.938610
0.463436 0.293403 -0.105691 0.999500 0.999481 -0.000629 0.344985 -0.938608
-0.460437 0.858742 0.102718 0.000500 0.000519 -0.000629 0.344985 -0.938608
0.462562 0.860205 0.102637 0.000499 0.999501 -0.000629 0.344985 -0.938608
-0.459553 0.291930 -0.105600 0.999501 0.000499 -0.000644 0.344964 -0.938616
0.462562 0.860205 0.102637 0.000499 0.999501 0.000629 -0.344985 0.938608
-0.460437 0.858742 0.102718 0.000500 0.000519 0.000629 -0.344985 0.938608
0.463436 0.293403 -0.105691 0.999500 0.999481 0.000629 -0.344985 0.938608
-0.459553 0.291930 -0.105600 0.999501 0.000499 0.000644 -0.344964 0.938616
0.465234 -0.837467 -0.105691 0.999500 0.999481 -0.000630 0.344985 -0.938608
-0.458639 -0.272129 0.102718 0.000500 0.000519 -0.000630 0.344985 -0.938608
0.464350 -0.270666 0.102637 0.000499 0.999501 -0.000630 0.344985 -0.938608
-0.457755 -0.838930 -0.105600 0.999501 0.000499 -0.000640 0.344970 -0.938613
0.464350 -0.270666 0.102637 0.000499 0.999501 0.000630 -0.344985 0.938608
-0.458639 -0.272129 0.102718 0.000500 0.000519 0.000630 -0.344985 0.938608
0.465234 -0.837467 -0.105691 0.999500 0.999481 0.000630 -0.344985 0.938608
-0.457755 -0.838930 -0.105600 0.999501 0.000499 0.000640 -0.344970 0.938613
-0.457765 -0.837253 -0.105600 0.999500 0.999481 0.000468 -0.344965 -0.938616
0.466149 -1.402592 0.102637 0.000500 0.000519 0.000468 -0.344965 -0.938616
-0.456840 -1.404066 0.102718 0.000499 0.999501 0.000468 -0.344965 -0.938616
0.465234 -0.835790 -0.105691 0.999501 0.000499 0.000454 -0.344985 -0.938608
-0.456840 -1.404055 0.102718 0.000499 0.999501 -0.000464 0.344970 0.938614
0.466149 -1.402592 0.102637 0.000500 0.000519 -0.000464 0.344970 0.938614
-0.457765 -0.837253 -0.105600 0.999500 0.999481 -0.000464 0.344970 0.938614
0.465234 -0.835790 -0.105691 0.999501 0.000499 -0.000454 0.344985 0.938608
0.467033 -1.968246 -0.105691 0.999500 0.999481 -0.000633 0.344985 -0.938608
-0.456840 -1.402917 0.102718 0.000500 0.000519 -0.000633 0.344985 -0.938608
0.466149 -1.401444 0.102637 0.000499 0.999501 -0.000633 0.344985 -0.938608
-0.455967 -1.969719 -0.105600 0.999501 0.000499 -0.000643 0.344970 -0.938614
0.466149 -1.401444 0.102637 0.000499 0.999501 0.000633 -0.344985 0.938608
-0.456840 -1.402917 0.102718 0.000500 0.000519 0.000633 -0.344985 0.938608
0.467033 -1.968246 -0.105691 0.999500 0.999481 0.000633 -0.344985 0.938608
-0.455967 -1.969719 -0.105600 0.999501 0.000499 0.000643 -0.344970 0.938614
-0.464572 -1.967372 -0.098184 0.000000 1.000000 -0.999999 -0.001590 0.000082
-0.465446 -1.407793 0.086991 1.000000 -0.130000 -0.999999 -0.001600 0.000062
-0.464593 -1.956786 -0.125523 1.000000 1.000000 -0.999999 -0.001611 0.000144
-0.465446 -1.407388 0.118587 0.000000 -0.130000 -0.999999 -0.001594 0.000020
-0.464593 -1.956786 -0.125523 0.000000 1.000000 -0.000529 0.360995 -0.932568
-0.444619 -1.407763 0.086991 1.000000 -0.130000 -0.000529 0.360995 -0.932568
-0.443765 -1.956756 -0.125523 1.000000 1.000000 -0.000529 0.360995 -0.932568
-0.465446 -1.407793 0.086991 0.000000 -0.130000 -0.000520 0.360994 -0.932568
-0.443765 -1.956756 -0.125523 0.000000 1.000000 0.999999 0.001628 -0.000204
-0.444609 -1.407357 0.118587 1.000000 -0.130000 0.999999 0.001583 -0.000243
-0.443746 -1.967331 -0.098184 1.000000 1.000000 0.999999 0.001575 -0.000086
-0.444619 -1.407763 0.086991 0.000000 -0.130000 0.999999 0.001592 -0.000221
-0.443746 -1.967331 -0.098184 0.000000 1.000000 0.000620 -0.360999 0.932566
-0.465446 -1.407388 0.118587 1.000000 -0.130000 0.000620 -0.360999 0.932566
-0.464572 -1.967372 -0.098184 1.000000 1.000000 0.000711 -0.360996 0.932567
-0.444609 -1.407357 0.118587 0.000000 -0.130000 0.000528 -0.361003 0.932565
-0.465446 -1.407388 0.118587 0.000000 1.000000 -0.999999 -0.001594 0.000020
-0.466320 -0.871186 -0.136596 1.000000 -0.130000 -0.999999 -0.001584 0.000020
-0.465446 -1.407793 0.086991 1.000000 1.000000 -0.999999 -0.001600 0.000062
-0.466320 -0.870800 -0.104991 0.000000 -0.130000 -0.999999 -0.001584 0.000019
-0.465446 -1.407793 0.086991 0.000000 1.000000 0.000651 -0.384613 -0.923078
-0.445483 -0.871146 -0.136596 1.000000 -0.130000 0.000651 -0.384613 -0.923078
-0.444619 -1.407763 0.086991 1.000000 1.000000 0.000554 -0.384610 -0.923079
-0.466320 -0.871186 -0.136596 0.000000 -0.130000 0.000748 -0.384616 -0.923076
-0.444619 -1.407763 0.086991 0.000000 1.000000 0.999999 0.001592 -0.000221
-0.445483 -0.870760 -0.104991 1.000000 -0.130000 0.999999 0.001554 -0.000120
-0.444609 -1.407357 0.118587 1.000000 1.000000 0.999999 0.001583 -0.000243
-0.445483 -0.871146 -0.136596 0.000000 -0.130000 0.999999 0.001585 -0.000019
-0.444609 -1.407357 0.118587 0.000000 1.000000 -0.000655 0.384610 0.923079
-0.466320 -0.870800 -0.104991 1.000000 -0.130000 -0.000655 0.384610 0.923079
-0.465446 -1.407388 0.118587 1.000000 1.000000 -0.000563 0.384614 0.923077
-0.445483 -0.870760 -0.104991 0.000000 -0.130000 -0.000748 0.384607 0.923080
-0.466320 -0.870800 -0.104991 0.000000 1.000000 -0.999999 -0.001584 0.000019
-0.467243 -0.271884 0.095972 1.000000 -0.130000 -0.999999 -0.001588 0.000015
-0.466320 -0.871186 -0.136596 1.000000 1.000000 -0.999999 -0.001584 0.000020
-0.467243 -0.271682 0.127497 0.000000 -0.130000 -0.999999 -0.001586 0.000010
-0.466320 -0.871186 -0.136596 0.000000 1.000000 -0.000617 0.361781 -0.932263
-0.446418 -0.271854 0.095972 1.000000 -0.130000 -0.000617 0.361781 -0.932263
-0.445483 -0.871146 -0.136596 1.000000 1.000000 -0.000703 0.361783 -0.932262
-0.467243 -0.271884 0.095972 0.000000 -0.130000 -0.000530 0.361778 -0.932264
-0.445483 -0.871146 -0.136596 0.000000 1.000000 0.999999 0.001585 -0.000019
-0.446418 -0.271651 0.127497 1.000000 -0.130000 0.999999 0.001588 -0.000015
-0.445483 -0.870760 -0.104991 1.000000 1.000000 0.999999 0.001554 -0.000120
-0.446418 -0.271854 0.095972 0.000000 -0.130000 0.999999 0.001561 -0.000106
-0.445483 -0.870760 -0.104991 0.000000 1.000000 0.000616 -0.361767 0.932268
-0.467243 -0.271682 0.127497 1.000000 -0.130000 0.000616 -0.361767 0.932268
-0.466320 -0.870800 -0.104991 1.000000 1.000000 0.000703 -0.361765 0.932269
-0.446418 -0.271651 0.127497 0.000000 -0.130000 0.000530 -0.361770 0.932267
-0.467243 -0.271682 0.127497 0.000000 1.000000 -0.999999 -0.001586 0.000010
-0.468148 0.282746 -0.127666 1.000000 -0.130000 -0.999999 -0.001587 0.000003
-0.467243 -0.271884 0.095972 1.000000 1.000000 -0.999999 -0.001588 0.000015
-0.468148 0.282654 -0.096030 0.000000 -0.130000 -0.999999 -0.001591 -0.000005
-0.467243 -0.271884 0.095972 0.000000 1.000000 0.000325 -0.373971 -0.927440
-0.447321 0.282776 -0.127677 1.000000 -0.130000 0.000325 -0.373971 -0.927440
-0.446418 -0.271854 0.095972 1.000000 1.000000 0.000548 -0.373978 -0.927437
-0.468148 0.282746 -0.127666 0.000000 -0.130000 0.000102 -0.373964 -0.927443
-0.446418 -0.271854 0.095972 0.000000 1.000000 0.999999 0.001561 -0.000106
-0.447311 0.282695 -0.096030 1.000000 -0.130000 0.999999 0.001601 -0.000201
-0.446418 -0.271651 0.127497 1.000000 1.000000 0.999999 0.001588 -0.000015
-0.447321 0.282776 -0.127677 0.000000 -0.130000 0.999999 0.001584 -0.000203
-0.446418 -0.271651 0.127497 0.000000 1.000000 -0.000637 0.373970 0.927441
-0.468148 0.282654 -0.096030 1.000000 -0.130000 -0.000637 0.373970 0.927441
-0.467243 -0.271682 0.127497 1.000000 1.000000 -0.000548 0.373973 0.927439
-0.447311 0.282695 -0.096030 0.000000 -0.130000 -0.000727 0.373967 0.927442
-0.468148 0.282654 -0.096030 0.000000 1.000000 -0.999999 -0.001591 -0.000005
-0.469062 0.872803 0.113721 1.000000 -0.130000 -0.999999 -0.001584 0.000006
-0.468148 0.282746 -0.127666 1.000000 1.000000 -0.999999 -0.001587 0.000003
-0.469062 0.873127 0.145530 0.000000 -0.130000 -0.999999 -0.001588 0.000016
-0.468148 0.282746 -0.127666 0.000000 1.000000 -0.000999 0.378631 -0.925547
-0.448236 0.872833 0.113710 1.000000 -0.130000 -0.000999 0.378631 -0.925547
-0.447321 0.282776 -0.127677 1.000000 1.000000 -0.000999 0.378631 -0.925547
-0.469062 0.872803 0.113721 0.000000 -0.130000 -0.001012 0.378632 -0.925547
-0.447321 0.282776 -0.127677 0.000000 1.000000 0.999999 0.001584 -0.000203
-0.448236 0.873158 0.145530 1.000000 -0.130000 0.999999 0.001621 -0.000109
-0.447311 0.282695 -0.096030 1.000000 1.000000 0.999999 0.001601 -0.000201
-0.448236 0.872833 0.113710 0.000000 -0.130000 0.999999 0.001589 -0.000016
-0.447311 0.282695 -0.096030 0.000000 1.000000 0.000645 -0.378638 0.925545
-0.469062 0.873127 0.145530 1.000000 -0.130000 0.000645 -0.378638 0.925545
-0.468148 0.282654 -0.096030 1.000000 1.000000 0.000736 -0.378635 0.925546
-0.448236 0.873158 0.145530 0.000000 -0.130000 0.000554 -0.378641 0.925544
-0.469062 0.873127 0.145530 0.000000 1.000000 -0.999999 -0.001588 0.000016
-0.469936 1.409177 -0.118716 1.000000 -0.130000 -0.999999 -0.001592 0.000027
-0.469062 0.872803 0.113721 1.000000 1.000000 -0.999999 -0.001584 0.000006
-0.469936 1.409939 -0.087100 0.000000 -0.130000 -0.999999 -0.001590 0.000074
-0.469062 0.872803 0.113721 0.000000 1.000000 0.000442 -0.397607 -0.917556
-0.449109 1.409217 -0.118716 1.000000 -0.130000 0.000442 -0.397607 -0.917556
-0.448236 0.872833 0.113710 1.000000 1.000000 0.000110 -0.397597 -0.917560
-0.469936 1.409177 -0.118716 0.000000 -0.130000 0.000773 -0.397617 -0.917551
-0.448236 0.872833 0.113710 0.000000 1.000000 0.999999 0.001589 -0.000016
-0.449109 1.409979 -0.087100 1.000000 -0.130000 0.999999 0.001589 -0.000027
-0.448236 0.873158 0.145530 1.000000 1.000000 0.999999 0.001621 -0.000109
-0.449109 1.409217 -0.118716 0.000000 -0.130000 0.999999 0.001585 -0.000038
-0.448236 0.873158 0.145530 0.000000 1.000000 -0.000678 0.397620 0.917550
-0.469936 1.409939 -0.087100 1.000000 -0.130000 -0.000678 0.397620 0.917550
-0.469062 0.873127 0.145530 1.000000 1.000000 -0.000582 0.397623 0.917549
-0.449109 1.409979 -0.087100 0.000000 -0.130000 -0.000773 0.397616 0.917551
-0.469936 1.409939 -0.087100 0.000000 1.000000 -0.999999 -0.001590 0.000074
-0.470790 1.960282 0.089074 1.000000 -0.130000 -0.999999 -0.001581 0.000091
-0.469936 1.409177 -0.118716 1.000000 1.000000 -0.999999 -0.001592 0.000027
-0.470769 1.949929 0.116504 0.000000 -0.130000 -0.999999 -0.001598 0.000144
-0.469936 1.409177 -0.118716 0.000000 1.000000 -0.000601 0.352800 -0.935699
-0.449962 1.960312 0.089074 1.000000 -0.130000 -0.000601 0.352800 -0.935699
-0.449109 1.409217 -0.118716 1.000000 1.000000 -0.000686 0.352802 -0.935698
-0.470790 1.960282 0.089074 0.000000 -0.130000 -0.000517 0.352797 -0.935700
-0.449109 1.409217 -0.118716 0.000000 1.000000 0.999999 0.001585 -0.000038
-0.449943 1.949960 0.116504 1.000000 -0.130000 0.999999 0.001558 -0.000038
-0.449109 1.409979 -0.087100 1.000000 1.000000 0.999999 0.001589 -0.000027
-0.449962 1.960312 0.089074 0.000000 -0.130000 0.999999 0.001590 -0.000111
-0.449109 1.409979 -0.087100 0.000000 1.000000 0.000606 -0.352807 0.935696
-0.470769 1.949929 0.116504 1.000000 -0.130000 0.000606 -0.352807 0.935696
-0.469936 1.409939 -0.087100 1.000000 1.000000 0.000686 -0.352804 0.935697
-0.449943 1.949960 0.116504 0.000000 -0.130000 0.000525 -0.352810 0.935695
-0.443765 -1.956756 -0.125523 0.000000 1.000000 0.001601 -0.932591 -0.360933
-0.443746 -1.967331 -0.098184 0.000000 -0.130000 0.001836 -0.932650 -0.360777
-0.464572 -1.967372 -0.098184 1.000000 -0.130000 0.001601 -0.932591 -0.360933
-0.443765 -1.956756 -0.125523 1.000000 -0.130000 0.001601 -0.932591 -0.360933
-0.464572 -1.967372 -0.098184 0.000000 1.000000 0.001601 -0.932591 -0.360933
-0.464593 -1.956786 -0.125523 0.000000 -0.130000 0.001366 -0.932531 -0.361088
-0.449962 1.960312 0.089074 1.000000 -0.130000 -0.001393 0.935591 0.353084
-0.470769 1.949929 0.116504 0.000000 1.000000 -0.001393 0.935591 0.353084
-0.449943 1.949960 0.116504 0.000000 -0.130000 -0.001393 0.935591 0.353084
-0.470790 1.960282 0.089074 1.000000 1.000000 -0.001370 0.935585 0.353099
0.450157 -1.965919 -0.098265 0.000000 1.000000 -0.999999 -0.001510 -0.000101
0.449294 -1.406341 0.086910 1.000000 -0.130000 -0.999999 -0.001546 -0.000060
0.450147 -1.955333 -0.125604 1.000000 1.000000 -0.999999 -0.001470 -0.000222
0.449294 -1.405935 0.118506 0.000000 -0.130000 -0.999999 -0.001584 0.000020
0.450147 -1.955333 -0.125604 0.000000 1.000000 -0.000529 0.360994 -0.932568
0.470121 -1.406311 0.086910 1.000000 -0.130000 -0.000529 0.360994 -0.932568
0.470975 -1.955302 -0.125604 1.000000 1.000000 -0.000529 0.360994 -0.932568
0.449294 -1.406341 0.086910 0.000000 -0.130000 -0.000529 0.360994 -0.932568
0.470975 -1.955302 -0.125604 0.000000 1.000000 0.999999 0.001596 -0.000096
0.470121 -1.405904 0.118506 1.000000 -0.130000 0.999999 0.001608 -0.000058
0.470994 -1.965879 -0.098265 1.000000 1.000000 0.999999 0.001596 -0.000096
0.470121 -1.406311 0.086910 0.000000 -0.130000 0.999999 0.001591 -0.000020
0.470994 -1.965879 -0.098265 0.000000 1.000000 0.000615 -0.360999 0.932566
0.449294 -1.405935 0.118506 1.000000 -0.130000 0.000615 -0.360999 0.932566
0.450157 -1.965919 -0.098265 1.000000 1.000000 0.000702 -0.360996 0.932567
0.470121 -1.405904 0.118506 0.000000 -0.130000 0.000529 -0.361002 0.932565
0.449294 -1.405935 0.118506 0.000000 1.000000 -0.999999 -0.001584 0.000020
0.448421 -0.869733 -0.136678 1.000000 -0.130000 -0.999999 -0.001593 0.000020
0.449294 -1.406341 0.086910 1.000000 1.000000 -0.999999 -0.001546 -0.000060
0.448421 -0.869347 -0.105082 0.000000 -0.130000 -0.999999 -0.001593 0.000019
0.449294 -1.406341 0.086910 0.000000 1.000000 0.000656 -0.384613 -0.923078
0.469247 -0.869692 -0.136678 1.000000 -0.130000 0.000656 -0.384613 -0.923078
0.470121 -1.406311 0.086910 1.000000 1.000000 0.000563 -0.384610 -0.923079
0.448421 -0.869733 -0.136678 0.000000 -0.130000 0.000748 -0.384615 -0.923077
0.470121 -1.406311 0.086910 0.000000 1.000000 0.999999 0.001591 -0.000020
0.469247 -0.869306 -0.105082 1.000000 -0.130000 0.999999 0.001585 -0.000020
0.470121 -1.405904 0.118506 1.000000 1.000000 0.999999 0.001608 -0.000058
0.469247 -0.869692 -0.136678 0.000000 -0.130000 0.999999 0.001585 -0.000019
0.470121 -1.405904 0.118506 0.000000 1.000000 -0.000656 0.384625 0.923073
0.448421 -0.869347 -0.105082 1.000000 -0.130000 -0.000656 0.384625 0.923073
0.449294 -1.405935 0.118506 1.000000 1.000000 -0.000563 0.384628 0.923071
0.469247 -0.869306 -0.105082 0.000000 -0.130000 -0.000748 0.384622 0.923074
0.448421 -0.869347 -0.105082 0.000000 1.000000 -0.999999 -0.001593 0.000019
0.447485 -0.270432 0.095880 1.000000 -0.130000 -0.999999 -0.001596 0.000015
0.448421 -0.869733 -0.136678 1.000000 1.000000 -0.999999 -0.001593 0.000020
0.447485 -0.270228 0.127415 0.000000 -0.130000 -0.999999 -0.001561 0.000105
0.448421 -0.869733 -0.136678 0.000000 1.000000 -0.000617 0.361768 -0.932268
0.468322 -0.270402 0.095880 1.000000 -0.130000 -0.000617 0.361768 -0.932268
0.469247 -0.869692 -0.136678 1.000000 1.000000 -0.000703 0.361770 -0.932267
0.447485 -0.270432 0.095880 0.000000 -0.130000 -0.000530 0.361765 -0.932269
0.469247 -0.869692 -0.136678 0.000000 1.000000 0.999999 0.001585 -0.000019
0.468322 -0.270198 0.127415 1.000000 -0.130000 0.999999 0.001588 -0.000015
0.469247 -0.869306 -0.105082 1.000000 1.000000 0.999999 0.001585 -0.000020
0.468322 -0.270402 0.095880 0.000000 -0.130000 0.999999 0.001586 -0.000010
0.469247 -0.869306 -0.105082 0.000000 1.000000 0.000617 -0.361781 0.932263
0.447485 -0.270228 0.127415 1.000000 -0.130000 0.000617 -0.361781 0.932263
0.448421 -0.869347 -0.105082 1.000000 1.000000 0.000704 -0.361779 0.932264
0.468322 -0.270198 0.127415 0.000000 -0.130000 0.000530 -0.361784 0.932262
0.447485 -0.270228 0.127415 0.000000 1.000000 -0.999999 -0.001561 0.000105
0.446582 0.284199 -0.127758 1.000000 -0.130000 -0.999999 -0.001596 0.000201
0.447485 -0.270432 0.095880 1.000000 1.000000 -0.999999 -0.001596 0.000015
0.446591 0.284108 -0.096112 0.000000 -0.130000 -0.999999 -0.001582 0.000296
0.447485 -0.270432 0.095880 0.000000 1.000000 0.000547 -0.373963 -0.927444
0.467419 0.284229 -0.127758 1.000000 -0.130000 0.000547 -0.373963 -0.927444
0.468322 -0.270402 0.095880 1.000000 1.000000 0.000547 -0.373963 -0.927444
0.446582 0.284199 -0.127758 0.000000 -0.130000 0.000538 -0.373962 -0.927444
0.468322 -0.270402 0.095880 0.000000 1.000000 0.999999 0.001586 -0.000010
0.467419 0.284148 -0.096112 1.000000 -0.130000 0.999999 0.001586 -0.000003
0.468322 -0.270198 0.127415 1.000000 1.000000 0.999999 0.001588 -0.000015
0.467419 0.284229 -0.127758 0.000000 -0.130000 0.999999 0.001589 0.000004
0.468322 -0.270198 0.127415 0.000000 1.000000 -0.000637 0.373971 0.927440
0.446591 0.284108 -0.096112 1.000000 -0.130000 -0.000637 0.373971 0.927440
0.447485 -0.270228 0.127415 1.000000 1.000000 -0.000547 0.373974 0.927439
0.467419 0.284148 -0.096112 0.000000 -0.130000 -0.000727 0.373968 0.927441
0.446591 0.284108 -0.096112 0.000000 1.000000 -0.999999 -0.001582 0.000296
0.445667 0.874255 0.113629 1.000000 -0.130000 -0.999999 -0.001579 0.000312
0.446582 0.284199 -0.127758 1.000000 1.000000 -0.999999 -0.001596 0.000201
0.445678 0.874580 0.145438 0.000000 -0.130000 -0.999999 -0.001585 0.000331
0.446582 0.284199 -0.127758 0.000000 1.000000 -0.000545 0.378632 -0.925547
0.466504 0.874286 0.113629 1.000000 -0.130000 -0.000545 0.378632 -0.925547
0.467419 0.284229 -0.127758 1.000000 1.000000 -0.000545 0.378632 -0.925547
0.445667 0.874255 0.113629 0.000000 -0.130000 -0.000554 0.378632 -0.925547
0.467419 0.284229 -0.127758 0.000000 1.000000 0.999999 0.001589 0.000004
0.466504 0.874610 0.145438 1.000000 -0.130000 0.999999 0.001585 -0.000006
0.467419 0.284148 -0.096112 1.000000 1.000000 0.999999 0.001586 -0.000003
0.466504 0.874286 0.113629 0.000000 -0.130000 0.999999 0.001589 -0.000016
0.467419 0.284148 -0.096112 0.000000 1.000000 0.000645 -0.378625 0.925550
0.445678 0.874580 0.145438 1.000000 -0.130000 0.000645 -0.378625 0.925550
0.446591 0.284108 -0.096112 1.000000 1.000000 0.000736 -0.378622 0.925551
0.466504 0.874610 0.145438 0.000000 -0.130000 0.000554 -0.378628 0.925549
0.445678 0.874580 0.145438 0.000000 1.000000 -0.999999 -0.001585 0.000331
0.444794 1.410629 -0.118798 1.000000 -0.130000 -0.999999 -0.001588 0.000351
0.445667 0.874255 0.113629 1.000000 1.000000 -0.999999 -0.001579 0.000312
0.444804 1.411391 -0.087181 0.000000 -0.130000 -0.999999 -0.001586 0.000282
0.445667 0.874255 0.113629 0.000000 1.000000 0.000462 -0.397607 -0.917555
0.465630 1.410670 -0.118808 1.000000 -0.130000 0.000462 -0.397607 -0.917555
0.466504 0.874286 0.113629 1.000000 1.000000 0.000582 -0.397611 -0.917554
0.444794 1.410629 -0.118798 0.000000 -0.130000 0.000342 -0.397604 -0.917557
0.466504 0.874286 0.113629 0.000000 1.000000 0.999999 0.001589 -0.000016
0.465630 1.411432 -0.087181 1.000000 -0.130000 0.999999 0.001599 -0.000027
0.466504 0.874610 0.145438 1.000000 1.000000 0.999999 0.001585 -0.000006
0.465630 1.410670 -0.118808 0.000000 -0.130000 0.999999 0.001553 0.000044
0.466504 0.874610 0.145438 0.000000 1.000000 -0.000683 0.397605 0.917556
0.444804 1.411391 -0.087181 1.000000 -0.130000 -0.000683 0.397605 0.917556
0.445678 0.874580 0.145438 1.000000 1.000000 -0.000582 0.397609 0.917555
0.465630 1.411432 -0.087181 0.000000 -0.130000 -0.000783 0.397602 0.917558
0.444804 1.411391 -0.087181 0.000000 1.000000 -0.999999 -0.001586 0.000282
0.443941 1.961734 0.088992 1.000000 -0.130000 -0.999999 -0.001646 0.000239
0.444794 1.410629 -0.118798 1.000000 1.000000 -0.999999 -0.001588 0.000351
0.443960 1.951382 0.116423 0.000000 -0.130000 -0.999999 -0.001603 0.000106
0.444794 1.410629 -0.118798 0.000000 1.000000 -0.000830 0.352807 -0.935696
0.464778 1.961765 0.088992 1.000000 -0.130000 -0.000830 0.352807 -0.935696
0.465630 1.410670 -0.118808 1.000000 1.000000 -0.001143 0.352816 -0.935692
0.443941 1.961734 0.088992 0.000000 -0.130000 -0.000516 0.352797 -0.935700
0.465630 1.410670 -0.118808 0.000000 1.000000 0.999999 0.001553 0.000044
0.464787 1.951413 0.116423 1.000000 -0.130000 0.999999 0.001522 0.000085
0.465630 1.411432 -0.087181 1.000000 1.000000 0.999999 0.001599 -0.000027
0.464778 1.961765 0.088992 0.000000 -0.130000 0.999999 0.001469 0.000208
0.465630 1.411432 -0.087181 0.000000 1.000000 0.000606 -0.352807 0.935696
0.443960 1.951382 0.116423 1.000000 -0.130000 0.000606 -0.352807 0.935696
0.444804 1.411391 -0.087181 1.000000 1.000000 0.000695 -0.352804 0.935697
0.464787 1.951413 0.116423 0.000000 -0.130000 0.000517 -0.352810 0.935695
0.470975 -1.955302 -0.125604 0.000000 1.000000 0.001589 -0.932588 -0.360940
0.470994 -1.965879 -0.098265 0.000000 -0.130000 0.001813 -0.932645 -0.360792
0.450157 -1.965919 -0.098265 1.000000 -0.130000 0.001589 -0.932588 -0.360940
0.470975 -1.955302 -0.125604 1.000000 -0.130000 0.001589 -0.932588 -0.360940
0.450157 -1.965919 -0.098265 0.000000 1.000000 0.001589 -0.932588 -0.360940
0.450147 -1.955333 -0.125604 0.000000 -0.130000 0.001366 -0.932531 -0.361088
0.464778 1.961765 0.088992 1.000000 -0.130000 -0.001370 0.935585 0.353098
0.443960 1.951382 0.116423 0.000000 1.000000 -0.001370 0.935585 0.353098
0.464787 1.951413 0.116423 0.000000 -0.130000 -0.001370 0.935585 0.353098
0.443941 1.961734 0.088992 1.000000 1.000000 -0.001369 0.935585 0.353099
-0.476011 1.696067 0.007982 0.000000 1.000000 0.999999 0.001540 -0.000212
-0.475554 1.409755 0.086991 1.000000 -4.260000 0.999999 0.001608 -0.000253
-0.476001 1.685491 -0.019358 1.000000 1.000000 0.999999 0.001540 -0.000212
-0.475544 1.409349 0.118587 0.000000 -4.260000 0.999999 0.001596 -0.000296
-0.476001 1.685491 -0.019358 0.000000 1.000000 0.000476 -0.359867 -0.933004
-0.496381 1.409715 0.087001 1.000000 -4.260000 0.000476 -0.359867 -0.933004
-0.496828 1.685451 -0.019358 1.000000 1.000000 0.000700 -0.359881 -0.932998
-0.475554 1.409755 0.086991 0.000000 -4.260000 0.000252 -0.359852 -0.933009
-0.496828 1.685451 -0.019358 0.000000 1.000000 -0.999999 -0.001670 -0.000103
-0.496381 1.409318 0.118587 1.000000 -4.260000 -0.999999 -0.001607 -0.000061
-0.496849 1.696036 0.007992 1.000000 1.000000 -0.999999 -0.001670 -0.000103
-0.496381 1.409715 0.087001 0.000000 -4.260000 -0.999999 -0.001587 -0.000020
-0.496849 1.696036 0.007992 0.000000 1.000000 -0.000303 0.359896 0.932992
-0.475544 1.409349 0.118587 1.000000 -4.260000 -0.000303 0.359896 0.932992
-0.476011 1.696067 0.007982 1.000000 1.000000 -0.000079 0.359911 0.932987
-0.496381 1.409318 0.118587 0.000000 -4.260000 -0.000527 0.359882 0.932998
-0.475544 1.409349 0.118587 0.000000 1.000000 0.999999 0.001596 -0.000296
-0.474720 0.873147 -0.136597 1.000000 -4.260000 0.999999 0.001597 -0.000288
-0.475554 1.409755 0.086991 1.000000 1.000000 0.999999 0.001608 -0.000253
-0.474711 0.872761 -0.104991 0.000000 -4.260000 0.999999 0.001601 -0.000184
-0.475554 1.409755 0.086991 0.000000 1.000000 -0.001191 0.384615 -0.923076
-0.495548 0.873107 -0.136587 1.000000 -4.260000 -0.001191 0.384615 -0.923076
-0.496381 1.409715 0.087001 1.000000 1.000000 -0.001191 0.384615 -0.923076
-0.474720 0.873147 -0.136597 0.000000 -4.260000 -0.001191 0.384615 -0.923076
-0.496381 1.409715 0.087001 0.000000 1.000000 -0.999999 -0.001587 -0.000020
-0.495548 0.872721 -0.104991 1.000000 -4.260000 -0.999999 -0.001590 -0.000020
-0.496381 1.409318 0.118587 1.000000 1.000000 -0.999999 -0.001607 -0.000061
-0.495548 0.873107 -0.136587 0.000000 -4.260000 -0.999999 -0.001590 -0.000019
-0.496381 1.409318 0.118587 0.000000 1.000000 0.000655 -0.384610 0.923079
-0.474711 0.872761 -0.104991 1.000000 -4.260000 0.000655 -0.384610 0.923079
-0.475544 1.409349 0.118587 1.000000 1.000000 0.000563 -0.384613 0.923078
-0.495548 0.872721 -0.104991 0.000000 -4.260000 0.000748 -0.384607 0.923080
-0.474711 0.872761 -0.104991 0.000000 1.000000 0.999999 0.001601 -0.000184
-0.473745 0.273846 0.095972 1.000000 -4.260000 0.999999 0.001562 -0.000087
-0.474720 0.873147 -0.136597 1.000000 1.000000 0.999999 0.001597 -0.000288
-0.473745 0.273643 0.127497 0.000000 -4.260000 0.999999 0.001584 0.000010
-0.474720 0.873147 -0.136597 0.000000 1.000000 0.000393 -0.361775 -0.932265
-0.494573 0.273816 0.095972 1.000000 -4.260000 0.000393 -0.361775 -0.932265
-0.495548 0.873107 -0.136587 1.000000 1.000000 0.000256 -0.361771 -0.932267
-0.473745 0.273846 0.095972 0.000000 -4.260000 0.000530 -0.361779 -0.932264
-0.495548 0.873107 -0.136587 0.000000 1.000000 -0.999999 -0.001590 -0.000019
-0.494573 0.273612 0.127497 1.000000 -4.260000 -0.999999 -0.001594 -0.000015
-0.495548 0.872721 -0.104991 1.000000 1.000000 -0.999999 -0.001590 -0.000020
-0.494573 0.273816 0.095972 0.000000 -4.260000 -0.999999 -0.001616 0.000095
-0.495548 0.872721 -0.104991 0.000000 1.000000 -0.000621 0.361767 0.932268
-0.473745 0.273643 0.127497 1.000000 -4.260000 -0.000621 0.361767 0.932268
-0.474711 0.872761 -0.104991 1.000000 1.000000 -0.000703 0.361765 0.932269
-0.494573 0.273612 0.127497 0.000000 -4.260000 -0.000538 0.361770 0.932267
-0.473745 0.273643 0.127497 0.000000 1.000000 0.999999 0.001584 0.000010
-0.472882 -0.280784 -0.127666 1.000000 -4.260000 0.999999 0.001584 0.000003
-0.473745 0.273846 0.095972 1.000000 1.000000 0.999999 0.001562 -0.000087
-0.472882 -0.280693 -0.096030 0.000000 -4.260000 0.999999 0.001587 -0.000005
-0.473745 0.273846 0.095972 0.000000 1.000000 -0.000548 0.373963 -0.927444
-0.493719 -0.280815 -0.127666 1.000000 -4.260000 -0.000548 0.373963 -0.927444
-0.494573 0.273816 0.095972 1.000000 1.000000 -0.000548 0.373963 -0.927444
-0.472882 -0.280784 -0.127666 0.000000 -4.260000 -0.000538 0.373962 -0.927444
-0.494573 0.273816 0.095972 0.000000 1.000000 -0.999999 -0.001616 0.000095
-0.493710 -0.280734 -0.096020 1.000000 -4.260000 -0.999999 -0.001570 0.000199
-0.494573 0.273612 0.127497 1.000000 1.000000 -0.999999 -0.001594 -0.000015
-0.493719 -0.280815 -0.127666 0.000000 -4.260000 -0.999999 -0.001600 0.000197
-0.494573 0.273612 0.127497 0.000000 1.000000 0.000865 -0.373962 0.927443
-0.472882 -0.280693 -0.096030 1.000000 -4.260000 0.000865 -0.373962 0.927443
-0.473745 0.273643 0.127497 1.000000 1.000000 0.000557 -0.373973 0.927439
-0.493710 -0.280734 -0.096020 0.000000 -4.260000 0.001172 -0.373952 0.927447
-0.472882 -0.280693 -0.096030 0.000000 1.000000 0.999999 0.001587 -0.000005
-0.471928 -0.870841 0.113721 1.000000 -4.260000 0.999999 0.001581 0.000006
-0.472882 -0.280784 -0.127666 1.000000 1.000000 0.999999 0.001584 0.000003
-0.471928 -0.871166 0.145530 0.000000 -4.260000 0.999999 0.001585 0.000016
-0.472882 -0.280784 -0.127666 0.000000 1.000000 0.000545 -0.378632 -0.925547
-0.492754 -0.870871 0.113721 1.000000 -4.260000 0.000545 -0.378632 -0.925547
-0.493719 -0.280815 -0.127666 1.000000 1.000000 0.000545 -0.378632 -0.925547
-0.471928 -0.870841 0.113721 0.000000 -4.260000 0.000555 -0.378632 -0.925547
-0.493719 -0.280815 -0.127666 0.000000 1.000000 -0.999999 -0.001600 0.000197
-0.492754 -0.871196 0.145530 1.000000 -4.260000 -0.999999 -0.001561 0.000090
-0.493710 -0.280734 -0.096020 1.000000 1.000000 -0.999999 -0.001570 0.000199
-0.492754 -0.870871 0.113721 0.000000 -4.260000 -0.999999 -0.001618 0.000092
-0.493710 -0.280734 -0.096020 0.000000 1.000000 -0.000423 0.378632 0.925547
-0.471928 -0.871166 0.145530 1.000000 -4.260000 -0.000423 0.378632 0.925547
-0.472882 -0.280693 -0.096030 1.000000 1.000000 -0.000292 0.378636 0.925546
-0.492754 -0.871196 0.145530 0.000000 -4.260000 -0.000555 0.378628 0.925549
-0.471928 -0.871166 0.145530 0.000000 1.000000 0.999999 0.001585 0.000016
-0.471095 -1.407215 -0.118716 1.000000 -4.260000 0.999999 0.001582 0.000027
-0.471928 -0.870841 0.113721 1.000000 1.000000 0.999999 0.001581 0.000006
-0.471095 -1.407977 -0.087099 0.000000 -4.260000 0.999999 0.001565 -0.000053
-0.471928 -0.870841 0.113721 0.000000 1.000000 -0.000682 0.397614 -0.917553
-0.491932 -1.407256 -0.118716 1.000000 -4.260000 -0.000682 0.397614 -0.917553
-0.492754 -0.870871 0.113721 1.000000 1.000000 -0.000582 0.397611 -0.917554
-0.471095 -1.407215 -0.118716 0.000000 -4.260000 -0.000782 0.397617 -0.917551
-0.492754 -0.870871 0.113721 0.000000 1.000000 -0.999999 -0.001618 0.000092
-0.491920 -1.408017 -0.087090 1.000000 -4.260000 -0.999999 -0.001574 0.000201
-0.492754 -0.871196 0.145530 1.000000 1.000000 -0.999999 -0.001561 0.000090
-0.491932 -1.407256 -0.118716 0.000000 -4.260000 -0.999999 -0.001582 0.000270
-0.492754 -0.871196 0.145530 0.000000 1.000000 0.000903 -0.397611 0.917554
-0.471095 -1.407977 -0.087099 1.000000 -4.260000 0.000903 -0.397611 0.917554
-0.471928 -0.871166 0.145530 1.000000 1.000000 0.000582 -0.397622 0.917549
-0.491920 -1.408017 -0.087090 0.000000 -4.260000 0.001223 -0.397600 0.917558
-0.471095 -1.407977 -0.087099 0.000000 1.000000 0.999999 0.001565 -0.000053
-0.470648 -1.685917 -0.012124 1.000000 -4.260000 0.999999 0.001580 -0.000098
-0.471095 -1.407215 -0.118716 1.000000 1.000000 0.999999 0.001582 0.000027
-0.470658 -1.675564 0.015307 0.000000 -4.260000 0.999999 0.001543 -0.000236
-0.471095 -1.407215 -0.118716 0.000000 1.000000 0.000609 -0.357228 -0.934017
-0.491474 -1.685947 -0.012124 1.000000 -4.260000 0.000609 -0.357228 -0.934017
-0.491932 -1.407256 -0.118716 1.000000 1.000000 0.000703 -0.357234 -0.934015
-0.470648 -1.685917 -0.012124 0.000000 -4.260000 0.000515 -0.357222 -0.934019
-0.491932 -1.407256 -0.118716 0.000000 1.000000 -0.999999 -0.001582 0.000270
-0.491484 -1.675595 0.015307 1.000000 -4.260000 -0.999999 -0.001540 0.000251
-0.491920 -1.408017 -0.087090 1.000000 1.000000 -0.999999 -0.001574 0.000201
-0.491474 -1.685947 -0.012124 0.000000 -4.260000 -0.999999 -0.001570 0.000192
-0.491920 -1.408017 -0.087090 0.000000 1.000000 -0.000385 0.357413 0.933947
-0.470658 -1.675564 0.015307 1.000000 -4.260000 -0.000385 0.357413 0.933947
-0.471095 -1.407977 -0.087099 1.000000 1.000000 -0.000255 0.357422 0.933943
-0.491484 -1.675595 0.015307 0.000000 -4.260000 -0.000515 0.357404 0.933950
-0.496828 1.685451 -0.019358 0.000000 1.000000 -0.001676 0.932610 -0.360882
-0.496849 1.696036 0.007992 0.000000 -4.260000 -0.001538 0.932575 -0.360974
-0.476011 1.696067 0.007982 1.000000 -4.260000 -0.001676 0.932610 -0.360882
-0.496828 1.685451 -0.019358 1.000000 -4.260000 -0.001676 0.932610 -0.360882
-0.476011 1.696067 0.007982 0.000000 1.000000 -0.001676 0.932610 -0.360882
-0.476001 1.685491 -0.019358 0.000000 -4.260000 -0.001814 0.932645 -0.360791
-0.491474 -1.685947 -0.012124 1.000000 -4.260000 0.001348 -0.935585 0.353098
-0.470658 -1.675564 0.015307 0.000000 1.000000 0.001348 -0.935585 0.353098
-0.491484 -1.675595 0.015307 0.000000 -4.260000 0.001348 -0.935585 0.353098
-0.470648 -1.685917 -0.012124 1.000000 1.000000 0.001348 -0.935585 0.353098
0.490389 1.697601 0.007900 0.000000 1.000000 0.999999 0.001662 0.000107
0.490856 1.411290 0.086910 1.000000 -4.260000 0.999999 0.001603 0.000063
0.490409 1.687025 -0.019449 1.000000 1.000000 0.999999 0.001662 0.000107
0.490856 1.410883 0.118495 0.000000 -4.260000 0.999999 0.001591 0.000020
0.490409 1.687025 -0.019449 0.000000 1.000000 0.000378 -0.359872 -0.933002
0.470019 1.411259 0.086910 1.000000 -4.260000 0.000378 -0.359872 -0.933002
0.469572 1.686985 -0.019439 1.000000 1.000000 0.000229 -0.359862 -0.933005
0.490856 1.411290 0.086910 0.000000 -4.260000 0.000527 -0.359881 -0.932998
0.469572 1.686985 -0.019439 0.000000 1.000000 -0.999999 -0.001532 0.000246
0.470029 1.410853 0.118506 1.000000 -4.260000 -0.999999 -0.001595 0.000271
0.469562 1.697571 0.007900 1.000000 1.000000 -0.999999 -0.001532 0.000246
0.470019 1.411259 0.086910 0.000000 -4.260000 -0.999999 -0.001570 0.000191
0.469562 1.697571 0.007900 0.000000 1.000000 -0.000288 0.359897 0.932992
0.490856 1.410883 0.118495 1.000000 -4.260000 -0.000288 0.359897 0.932992
0.490389 1.697601 0.007900 1.000000 1.000000 -0.000527 0.359882 0.932998
0.470029 1.410853 0.118506 0.000000 -4.260000 -0.000048 0.359913 0.932986
0.490856 1.410883 0.118495 0.000000 1.000000 0.999999 0.001591 0.000020
0.491689 0.874682 -0.136678 1.000000 -4.260000 0.999999 0.001581 0.000020
0.490856 1.411290 0.086910 1.000000 1.000000 0.999999 0.001603 0.000063
0.491689 0.874296 -0.105082 0.000000 -4.260000 0.999999 0.001559 -0.000084
0.490856 1.411290 0.086910 0.000000 1.000000 -0.000563 0.384615 -0.923077
0.470853 0.874652 -0.136678 1.000000 -4.260000 -0.000563 0.384615 -0.923077
0.470019 1.411259 0.086910 1.000000 1.000000 -0.000563 0.384615 -0.923077
0.491689 0.874682 -0.136678 0.000000 -4.260000 -0.000554 0.384615 -0.923077
0.470019 1.411259 0.086910 0.000000 1.000000 -0.999999 -0.001570 0.000191
0.470853 0.874255 -0.105082 1.000000 -4.260000 -0.999999 -0.001612 0.000085
0.470029 1.410853 0.118506 1.000000 1.000000 -0.999999 -0.001595 0.000271
0.470853 0.874652 -0.136678 0.000000 -4.260000 -0.999999 -0.001590 -0.000020
0.470029 1.410853 0.118506 0.000000 1.000000 0.000883 -0.384617 0.923076
0.491689 0.874296 -0.105082 1.000000 -4.260000 0.000883 -0.384617 0.923076
0.490856 1.410883 0.118495 1.000000 1.000000 0.001019 -0.384612 0.923078
0.470853 0.874255 -0.105082 0.000000 -4.260000 0.000748 -0.384622 0.923074
0.491689 0.874296 -0.105082 0.000000 1.000000 0.999999 0.001559 -0.000084
0.492655 0.275380 0.095880 1.000000 -4.260000 0.999999 0.001602 -0.000187
0.491689 0.874682 -0.136678 1.000000 1.000000 0.999999 0.001581 0.000020
0.492664 0.275178 0.127405 0.000000 -4.260000 0.999999 0.001577 -0.000195
0.491689 0.874682 -0.136678 0.000000 1.000000 0.000521 -0.361765 -0.932269
0.471827 0.275350 0.095880 1.000000 -4.260000 0.000521 -0.361765 -0.932269
0.470853 0.874652 -0.136678 1.000000 1.000000 0.000521 -0.361765 -0.932269
0.492655 0.275380 0.095880 0.000000 -4.260000 0.000530 -0.361765 -0.932269
0.470853 0.874652 -0.136678 0.000000 1.000000 -0.999999 -0.001590 -0.000020
0.471827 0.275147 0.127415 1.000000 -4.260000 -0.999999 -0.001594 -0.000015
0.470853 0.874255 -0.105082 1.000000 1.000000 -0.999999 -0.001612 0.000085
0.471827 0.275350 0.095880 0.000000 -4.260000 -0.999999 -0.001592 -0.000010
0.470853 0.874255 -0.105082 0.000000 1.000000 -0.000393 0.361775 0.932265
0.492664 0.275178 0.127405 1.000000 -4.260000 -0.000393 0.361775 0.932265
0.491689 0.874296 -0.105082 1.000000 1.000000 -0.000703 0.361765 0.932269
0.471827 0.275147 0.127415 0.000000 -4.260000 -0.000082 0.361784 0.932262
0.492664 0.275178 0.127405 0.000000 1.000000 0.999999 0.001577 -0.000195
0.493518 -0.279240 -0.127758 1.000000 -4.260000 0.999999 0.001610 -0.000100
0.492655 0.275380 0.095880 1.000000 1.000000 0.999999 0.001602 -0.000187
0.493518 -0.279158 -0.096111 0.000000 -4.260000 0.999999 0.001552 -0.000113
0.492655 0.275380 0.095880 0.000000 1.000000 -0.000642 0.373965 -0.927442
0.472691 -0.279281 -0.127758 1.000000 -4.260000 -0.000642 0.373965 -0.927442
0.471827 0.275350 0.095880 1.000000 1.000000 -0.000548 0.373962 -0.927444
0.493518 -0.279240 -0.127758 0.000000 -4.260000 -0.000736 0.373968 -0.927441
0.471827 0.275350 0.095880 0.000000 1.000000 -0.999999 -0.001592 -0.000010
0.472691 -0.279199 -0.096111 1.000000 -4.260000 -0.999999 -0.001586 -0.000003
0.471827 0.275147 0.127415 1.000000 1.000000 -0.999999 -0.001594 -0.000015
0.472691 -0.279281 -0.127758 0.000000 -4.260000 -0.999999 -0.001588 0.000004
0.471827 0.275147 0.127415 0.000000 1.000000 0.000864 -0.373962 0.927444
0.493518 -0.279158 -0.096111 1.000000 -4.260000 0.000864 -0.373962 0.927444
0.492664 0.275178 0.127405 1.000000 1.000000 0.000992 -0.373957 0.927445
0.472691 -0.279199 -0.096111 0.000000 -4.260000 0.000736 -0.373966 0.927442
0.493518 -0.279158 -0.096111 0.000000 1.000000 0.999999 0.001552 -0.000113
0.494472 -0.869306 0.113629 1.000000 -4.260000 0.999999 0.001603 -0.000221
0.493518 -0.279240 -0.127758 1.000000 1.000000 0.999999 0.001610 -0.000100
0.494483 -0.869632 0.145438 0.000000 -4.260000 0.999999 0.001598 -0.000329
0.493518 -0.279240 -0.127758 0.000000 1.000000 0.000650 -0.378629 -0.925548
0.473647 -0.869337 0.113629 1.000000 -4.260000 0.000650 -0.378629 -0.925548
0.472691 -0.279281 -0.127758 1.000000 1.000000 0.000745 -0.378632 -0.925547
0.494472 -0.869306 0.113629 0.000000 -4.260000 0.000555 -0.378626 -0.925550
0.472691 -0.279281 -0.127758 0.000000 1.000000 -0.999999 -0.001588 0.000004
0.473647 -0.869662 0.145438 1.000000 -4.260000 -0.999999 -0.001581 -0.000006
0.472691 -0.279199 -0.096111 1.000000 1.000000 -0.999999 -0.001586 -0.000003
0.473647 -0.869337 0.113629 0.000000 -4.260000 -0.999999 -0.001586 -0.000016
0.472691 -0.279199 -0.096111 0.000000 1.000000 -0.000650 0.378624 0.925550
0.494483 -0.869632 0.145438 1.000000 -4.260000 -0.000650 0.378624 0.925550
0.493518 -0.279158 -0.096111 1.000000 1.000000 -0.000745 0.378621 0.925552
0.473647 -0.869662 0.145438 0.000000 -4.260000 -0.000554 0.378627 0.925549
0.494483 -0.869632 0.145438 0.000000 1.000000 0.999999 0.001598 -0.000329
0.495306 -1.405681 -0.118807 1.000000 -4.260000 0.999999 0.001609 -0.000320
0.494472 -0.869306 0.113629 1.000000 1.000000 0.999999 0.001603 -0.000221
0.495316 -1.406443 -0.087181 0.000000 -4.260000 0.999999 0.001617 -0.000163
0.494472 -0.869306 0.113629 0.000000 1.000000 -0.000678 0.397614 -0.917553
0.474480 -1.405721 -0.118807 1.000000 -4.260000 -0.000678 0.397614 -0.917553
0.473647 -0.869337 0.113629 1.000000 1.000000 -0.000582 0.397611 -0.917554
0.495306 -1.405681 -0.118807 0.000000 -4.260000 -0.000773 0.397617 -0.917551
0.473647 -0.869337 0.113629 0.000000 1.000000 -0.999999 -0.001586 -0.000016
0.474480 -1.406473 -0.087181 1.000000 -4.260000 -0.999999 -0.001595 -0.000027
0.473647 -0.869662 0.145438 1.000000 1.000000 -0.999999 -0.001581 -0.000006
0.474480 -1.405721 -0.118807 0.000000 -4.260000 -0.999999 -0.001572 0.000034
0.473647 -0.869662 0.145438 0.000000 1.000000 0.000582 -0.397608 0.917555
0.495316 -1.406443 -0.087181 1.000000 -4.260000 0.000582 -0.397608 0.917555
0.494483 -0.869632 0.145438 1.000000 1.000000 0.000582 -0.397608 0.917555
0.474480 -1.406473 -0.087181 0.000000 -4.260000 0.000582 -0.397608 0.917555
0.495316 -1.406443 -0.087181 0.000000 1.000000 0.999999 0.001617 -0.000163
0.495763 -1.684373 -0.012215 1.000000 -4.260000 0.999999 0.001582 -0.000091
0.495306 -1.405681 -0.118807 1.000000 1.000000 0.999999 0.001609 -0.000320
0.495742 -1.674030 0.015216 0.000000 -4.260000 0.999999 0.001641 0.000129
0.495306 -1.405681 -0.118807 0.000000 1.000000 0.000695 -0.357234 -0.934015
0.474926 -1.684413 -0.012215 1.000000 -4.260000 0.000695 -0.357234 -0.934015
0.474480 -1.405721 -0.118807 1.000000 1.000000 0.000695 -0.357234 -0.934015
0.495763 -1.684373 -0.012215 0.000000 -4.260000 0.000694 -0.357234 -0.934015
0.474480 -1.405721 -0.118807 0.000000 1.000000 -0.999999 -0.001572 0.000034
0.474915 -1.674061 0.015216 1.000000 -4.260000 -0.999999 -0.001590 0.000070
0.474480 -1.406473 -0.087181 1.000000 1.000000 -0.999999 -0.001595 -0.000027
0.474926 -1.684413 -0.012215 0.000000 -4.260000 -0.999999 -0.001536 0.000179
0.474480 -1.406473 -0.087181 0.000000 1.000000 -0.000523 0.357391 0.933955
0.495742 -1.674030 0.015216 1.000000 -4.260000 -0.000523 0.357391 0.933955
0.495316 -1.406443 -0.087181 1.000000 1.000000 -0.000523 0.357391 0.933955
0.474915 -1.674061 0.015216 0.000000 -4.260000 -0.000532 0.357391 0.933955
0.469572 1.686985 -0.019439 0.000000 1.000000 -0.001680 0.932609 -0.360885
0.469562 1.697571 0.007900 0.000000 -4.260000 -0.001366 0.932529 -0.361094
0.490389 1.697601 0.007900 1.000000 -4.260000 -0.001680 0.932609 -0.360885
0.469572 1.686985 -0.019439 1.000000 -4.260000 -0.001680 0.932609 -0.360885
0.490389 1.697601 0.007900 0.000000 1.000000 -0.001680 0.932609 -0.360885
0.490409 1.687025 -0.019449 0.000000 -4.260000 -0.001995 0.932689 -0.360677
0.474926 -1.684413 -0.012215 1.000000 -4.260000 0.001606 -0.935644 0.352942
0.495742 -1.674030 0.015216 0.000000 1.000000 0.001606 -0.935644 0.352942
0.474915 -1.674061 0.015216 0.000000 -4.260000 0.001393 -0.935591 0.353083
0.495763 -1.684373 -0.012215 1.000000 1.000000 0.001819 -0.935697 0.352800

Indices: 
0 1 2 1 0 3 4 5 6 7 6 5 8 9 10 9 8 11 12 13 14 15 14 13 16 17 18 17 16 19 20 21 22 23 22 21 24 25 26 25 24 27 28 29 30 31 30 29 32 33 34 33 32 35 36 37 38 39 38 37 40 41 42 41 40 43 44 45 46 47 46 45 48 49 50 49 48 51 52 53 54 55 54 53 56 57 58 57 56 59 60 61 62 61 60 63 64 65 66 65 64 67 68 69 70 69 68 71 72 73 74 73 72 75 76 77 78 77 76 79 80 81 82 81 80 83 84 85 86 85 84 87 88 89 90 89 88 91 92 93 94 93 92 95 96 97 98 97 96 99 100 101 102 101 100 103 104 105 106 105 104 107 108 109 110 109 108 111 112 113 114 113 112 115 116 117 118 117 116 119 120 121 122 121 120 123 124 125 126 125 124 127 128 129 130 129 128 131 132 133 134 133 132 135 136 137 138 137 136 139 140 141 142 141 140 143 144 145 146 145 144 147 148 149 150 149 148 151 152 153 154 153 152 155 156 157 158 157 156 159 160 161 162 161 160 163 164 165 166 165 164 167 168 169 170 171 172 173 174 175 176 174 177 175 178 179 180 179 178 181 182 183 184 183 182 185 186 187 188 187 186 189 190 191 192 191 190 193 194 195 196 195 194 197 198 199 200 199 198 201 202 203 204 203 202 205 206 207 208 207 206 209 210 211 212 211 210 213 214 215 216 215 214 217 218 219 220 219 218 221 222 223 224 223 222 225 226 227 228 227 226 229 230 231 232 231 230 233 234 235 236 235 234 237 238 239 240 239 238 241 242 243 244 243 242 245 246 247 248 247 246 249 250 251 252 251 250 253 254 255 256 255 254 257 258 259 260 259 258 261 262 263 264 263 262 265 266 267 268 267 266 269 270 271 272 271 270 273 274 275 276 275 274 277 278 279 280 279 278 281 282 283 284 283 282 285 286 287 288 287 286 289 290 291 292 293 294 295 296 297 298 296 299 297 300 301 302 301 300 303 304 305 306 305 304 307 308 309 310 309 308 311 312 313 314 313 312 315 316 317 318 317 316 319 320 321 322 321 320 323 324 325 326 325 324 327 328 329 330 329 328 331 332 333 334 333 332 335 336 337 338 337 336 339 340 341 342 341 340 343 344 345 346 345 344 347 348 349 350 349 348 351 352 353 354 353 352 355 356 357 358 357 356 359 360 361 362 361 360 363 364 365 366 365 364 367 368 369 370 369 368 371 372 373 374 373 372 375 376 377 378 377 376 379 380 381 382 381 380 383 384 385 386 385 384 387 388 389 390 389 388 391 392 393 394 393 392 395 396 397 398 397 396 399 400 401 402 401 400 403 404 405 406 405 404 407 408 409 410 409 408 411 412 413 414 415 416 417 418 419 420 418 421 419 422 423 424 423 422 425 426 427 428 427 426 429 430 431 432 431 430 433 434 435 436 435 434 437 438 439 440 439 438 441 442 443 444 443 442 445 446 447 448 447 446 449 450 451 452 451 450 453 454 455 456 455 454 457 458 459 460 459 458 461 462 463 464 463 462 465 466 467 468 467 466 469 470 471 472 471 470 473 474 475 476 475 474 477 478 479 480 479 478 481 482 483 484 483 482 485 486 487 488 487 486 489 490 491 492 491 490 493 494 495 496 495 494 497 498 499 500 499 498 501 502 503 504 503 502 505 506 507 508 507 506 509 510 511 512 511 510 513 514 515 516 515 514 517 518 519 520 519 518 521 522 523 524 523 522 525 526 527 528 527 526 529 530 531 532 531 530 533 534 535 536 537 538 539 540 541 542 540 543 541 