Indexed mesh of 12 triangles 
Vertex Count: 24
Index Count: 36
Material Count: 1
Texture Count: 1
Scale in meters: 1
Has transparencies: 0

Texture 0: models\crate\crate.jpg

Group name: Cube
Material name: Material
Material Start: 0
Material Size: 36
Diffuse map: 0
Light map: 0
Ilumination: 0
Diffuse color: 1 1 1
Specular power: 400
Transparency: 1

Vertex format {	3Dvector POSITION; 2Dvector TEXTURE; 3Dvector NORMAL }

Vertices:

-0.500000 -0.500000 0.500000 -1.000000 1.000000 0.000000 -1.000000 0.000000
-0.500000 -0.500000 -0.500000 -1.000000 2.000000 0.000000 -1.000000 0.000000
0.500000 -0.500000 -0.500000 0.000000 2.000000 0.000000 -1.000000 0.000000
0.499999 0.500000 -0.500000 -0.000000 1.000000 0.000000 1.000000 0.000000
-0.500000 0.500000 -0.500000 -1.000000 1.000000 0.000000 1.000000 0.000000
-0.500000 0.500000 0.500000 -1.000000 0.000000 0.000000 1.000000 0.000000
0.500000 -0.500000 -0.500000 -1.000000 1.000000 1.000000 0.000000 -0.000001
0.499999 0.500000 -0.500000 -1.000000 0.000000 1.000000 0.000000 -0.000001
0.500000 0.500000 0.499999 -0.000000 0.000000 1.000000 0.000000 -0.000001
-0.500000 -0.500000 -0.500000 -1.000000 1.000000 -0.000001 0.000000 -1.000000
-0.500000 0.500000 -0.500000 -1.000000 0.000000 -0.000001 0.000000 -1.000000
0.499999 0.500000 -0.500000 -0.000000 0.000000 -0.000001 0.000000 -1.000000
-0.500000 0.500000 0.500000 1.000000 0.000000 -1.000000 0.000000 -0.000000
-0.500000 0.500000 -0.500000 -0.000000 0.000000 -1.000000 0.000000 -0.000000
-0.500000 -0.500000 -0.500000 -0.000000 1.000000 -1.000000 0.000000 -0.000000
-0.500000 0.500000 0.500000 -1.000000 1.000000 0.000000 0.000000 1.000000
-0.500000 -0.500000 0.500000 -1.000000 2.000000 0.000000 0.000000 1.000000
0.500000 -0.500000 0.500000 0.000000 2.000000 0.000000 0.000000 1.000000
0.500000 -0.500000 0.500000 -0.000000 1.000000 0.000000 -1.000000 0.000000
0.500000 0.500000 0.499999 -0.000000 0.000000 0.000000 1.000000 -0.000000
0.500000 -0.500000 0.500000 -0.000000 1.000000 1.000000 0.000000 0.000000
0.500000 -0.500000 -0.500000 -0.000000 1.000000 0.000000 -0.000000 -1.000000
-0.500000 -0.500000 0.500000 1.000000 1.000000 -1.000000 -0.000000 0.000000
0.500000 0.500000 0.499999 -0.000000 1.000000 0.000001 0.000001 1.000000

Indices: 
0 1 2 3 4 5 6 7 8 9 10 11 12 13 14 15 16 17 0 2 18 3 5 19 6 8 20 9 11 21 12 14 22 15 17 23 