Indexed mesh of 8 triangles 
Vertex Count: 10
Index Count: 24
Material Count: 1
Texture Count: 1
Scale to: 1
Has transparencies: 0

T0: textures\white.png

Group name: Blank
Material name: White plastics
Material Start: 0
Material Size: 24
Material Filename: 0
Light map: 0
Ilumination: 0
Diffuse color: 1 1 1
Specular power: 0
Transparency: 0

Vertex format {	3Dvector POSITION; 2Dvector TEXTURE; 3Dvector NORMAL }

Vertices:

0.000000 0.000000 0.500000 0.750000 0.500000 0.000000 0.000000 1.000000
0.353554 -0.353554 0.000000 0.500000 0.750000 0.707107 -0.707107 0.000000
0.353554 0.353554 0.000000 0.500000 0.250000 0.707107 0.707107 0.000000
-0.353554 0.353554 0.000000 1.000000 0.250000 -0.707107 0.707107 0.000000
-0.353554 -0.353554 0.000000 1.000000 0.750000 -0.707107 -0.707107 0.000000
0.000000 0.000000 -0.500000 0.250000 0.500000 0.000000 0.000000 -1.000000
-0.353554 0.353554 0.000000 0.000000 0.250000 -0.707107 0.707107 0.000000
-0.353554 -0.353554 0.000000 0.000000 0.750000 -0.707107 -0.707107 0.000000
-0.353554 0.353554 0.000000 0.000000 0.250000 -0.707107 0.707107 0.000000
-0.353554 -0.353554 0.000000 0.000000 0.750000 -0.707107 -0.707107 0.000000

Indices: 
0 1 2 0 2 3 0 3 4 0 4 1 5 2 1 5 6 2 5 7 8 5 1 9 