Indexed mesh of 32 triangles 
Vertex Count: 25
Index Count: 96
Material Count: 1
Texture Count: 1
Scale to: 1
Has transparencies: 0

T0: textures\white.png

Group name: Blank
Material name: White plastics
Material Start: 0
Material Size: 96
Material Filename: 0
Light map: 0
Ilumination: 0
Diffuse color: 1 1 1
Specular power: 0
Transparency: 1

Vertex format {	3Dvector POSITION; 2Dvector TEXTURE; 3Dvector NORMAL }

Vertices:

0.250000 -0.250000 0.353554 0.652043 0.666667 0.500000 -0.500000 0.707107
0.500000 0.000000 0.000000 0.500000 0.500000 1.000000 0.000000 0.000000
0.250000 0.250000 0.353554 0.652043 0.333333 0.500000 0.500000 0.707107
0.000000 0.500000 0.000000 0.500000 0.000000 0.000000 1.000000 0.000000
-0.250000 0.250000 0.353554 0.847957 0.333333 -0.500000 0.500000 0.707107
-0.500000 0.000000 0.000000 1.000000 0.500000 -1.000000 0.000000 0.000000
-0.250000 -0.250000 0.353554 0.847957 0.666667 -0.500000 -0.500000 0.707107
0.000000 -0.500000 0.000000 0.500000 1.000000 0.000000 -1.000000 0.000000
0.250000 0.250000 -0.353554 0.347957 0.333333 0.500000 0.500000 -0.707107
0.250000 -0.250000 -0.353554 0.347957 0.666667 0.500000 -0.500000 -0.707107
-0.250000 0.250000 -0.353554 0.152043 0.333333 -0.500000 0.500000 -0.707107
-0.250000 -0.250000 -0.353554 0.152043 0.666667 -0.500000 -0.500000 -0.707107
0.000000 0.000000 0.500000 0.750000 0.500000 0.000000 0.000000 1.000000
0.353554 -0.353554 0.000000 0.500000 0.750000 0.707107 -0.707107 0.000000
0.353554 0.353554 0.000000 0.500000 0.250000 0.707107 0.707107 0.000000
-0.353554 0.353554 0.000000 1.000000 0.250000 -0.707107 0.707107 0.000000
-0.353554 -0.353554 0.000000 1.000000 0.750000 -0.707107 -0.707107 0.000000
0.000000 0.000000 -0.500000 0.250000 0.500000 0.000000 0.000000 -1.000000
-0.500000 0.000000 0.000000 0.000000 0.500000 -1.000000 0.000000 0.000000
-0.353554 0.353554 0.000000 0.000000 0.250000 -0.707107 0.707107 0.000000
-0.353554 -0.353554 0.000000 0.000000 0.750000 -0.707107 -0.707107 0.000000
-0.500000 0.000000 0.000000 0.000000 0.500000 -1.000000 0.000000 0.000000
-0.500000 0.000000 0.000000 0.000000 0.500000 -1.000000 0.000000 0.000000
-0.353554 0.353554 0.000000 0.000000 0.250000 -0.707107 0.707107 0.000000
-0.353554 -0.353554 0.000000 0.000000 0.750000 -0.707107 -0.707107 0.000000

Indices: 
0 1 2 2 3 4 4 5 6 6 7 0 8 1 9 10 3 8 11 18 10 9 7 11 12 0 2 0 13 1 1 14 2 12 2 4 2 14 3 3 15 4 12 4 6 4 15 5 5 16 6 12 6 0 6 16 7 7 13 0 17 8 9 8 14 1 1 13 9 17 10 8 10 19 3 3 14 8 17 11 10 11 20 21 22 23 10 17 9 11 9 13 7 7 24 11 