Indexed mesh of 128 triangles 
Vertex Count: 85
Index Count: 384
Material Count: 1
Texture Count: 1
Scale to: 1
Has transparencies: 0

T0: textures\white.png

Group name: Blank
Material name: White plastics
Material Start: 0
Material Size: 384
Material Filename: 0
Light map: 0
Ilumination: 0
Diffuse color: 1 1 1
Specular power: 0
Transparency: 1

Vertex format {	3Dvector POSITION; 2Dvector TEXTURE; 3Dvector NORMAL }

Vertices:

0.433013 -0.144338 0.204124 0.570109 0.593215 0.866025 -0.288675 0.408248
0.433013 0.144338 0.204124 0.570109 0.406785 0.866025 0.288675 0.408248
0.288675 0.000000 0.408249 0.652043 0.500000 0.577350 0.000000 0.816497
0.144338 0.433013 0.204124 0.652043 0.166667 0.288675 0.866025 0.408248
-0.144338 0.433013 0.204124 0.847957 0.166667 -0.288675 0.866025 0.408248
0.000000 0.288675 0.408249 0.750000 0.304087 0.000000 0.577350 0.816497
-0.433013 0.144338 0.204124 0.929891 0.406785 -0.866025 0.288675 0.408248
-0.433013 -0.144338 0.204124 0.929891 0.593215 -0.866025 -0.288675 0.408248
-0.288675 0.000000 0.408249 0.847957 0.500000 -0.577350 0.000000 0.816497
-0.144338 -0.433013 0.204124 0.847957 0.833333 -0.288675 -0.866025 0.408248
0.144338 -0.433013 0.204124 0.652043 0.833333 0.288675 -0.866025 0.408248
0.000000 -0.288675 0.408249 0.750000 0.695913 0.000000 -0.577350 0.816497
0.433013 0.144338 -0.204124 0.429891 0.406785 0.866025 0.288675 -0.408248
0.433013 -0.144338 -0.204124 0.429891 0.593215 0.866025 -0.288675 -0.408248
0.288675 0.000000 -0.408249 0.347957 0.500000 0.577350 0.000000 -0.816497
-0.144338 0.433013 -0.204124 0.152043 0.166667 -0.288675 0.866025 -0.408248
0.144338 0.433013 -0.204124 0.347957 0.166667 0.288675 0.866025 -0.408248
0.000000 0.288675 -0.408249 0.250000 0.304087 0.000000 0.577350 -0.816497
-0.433013 -0.144338 -0.204124 0.070110 0.593215 -0.866025 -0.288675 -0.408248
-0.433013 0.144338 -0.204124 0.070110 0.406785 -0.866025 0.288675 -0.408248
-0.288675 0.000000 -0.408249 0.152043 0.500000 -0.577350 0.000000 -0.816497
0.144338 -0.433013 -0.204124 0.347957 0.833333 0.288675 -0.866025 -0.408248
-0.144338 -0.433013 -0.204124 0.152043 0.833333 -0.288675 -0.866025 -0.408248
0.000000 -0.288675 -0.408249 0.250000 0.695913 0.000000 -0.577350 -0.816497
0.135299 -0.135299 0.461940 0.704653 0.587221 0.270598 -0.270598 0.923880
0.135299 0.135299 0.461940 0.704653 0.412779 0.270598 0.270598 0.923880
0.326641 -0.326641 0.191342 0.584337 0.726608 0.653281 -0.653281 0.382683
0.461940 -0.191342 0.000000 0.500000 0.625000 0.923880 -0.382683 0.000000
0.461940 0.191342 0.000000 0.500000 0.375000 0.923880 0.382683 0.000000
0.326641 0.326641 0.191342 0.584337 0.273392 0.653281 0.653281 0.382683
-0.135299 0.135299 0.461940 0.795347 0.412779 -0.270598 0.270598 0.923880
0.191342 0.461940 0.000000 0.500000 0.125000 0.382683 0.923880 0.000000
-0.191342 0.461940 0.000000 1.000000 0.125000 -0.382683 0.923880 0.000000
-0.326641 0.326641 0.191342 0.915663 0.273392 -0.653281 0.653281 0.382683
-0.135299 -0.135299 0.461940 0.795347 0.587221 -0.270598 -0.270598 0.923880
-0.461940 0.191342 0.000000 1.000000 0.375000 -0.923880 0.382683 0.000000
-0.461940 -0.191342 0.000000 1.000000 0.625000 -0.923880 -0.382683 0.000000
-0.326641 -0.326641 0.191342 0.915663 0.726608 -0.653281 -0.653281 0.382683
-0.191342 -0.461940 0.000000 1.000000 0.875000 -0.382683 -0.923880 0.000000
0.191342 -0.461940 0.000000 0.500000 0.875000 0.382683 -0.923880 0.000000
0.135299 0.135299 -0.461940 0.295347 0.412779 0.270598 0.270598 -0.923880
0.135299 -0.135299 -0.461940 0.295347 0.587221 0.270598 -0.270598 -0.923880
0.326641 0.326641 -0.191342 0.415663 0.273392 0.653281 0.653281 -0.382683
0.326641 -0.326641 -0.191342 0.415663 0.726608 0.653281 -0.653281 -0.382683
-0.135299 0.135299 -0.461940 0.204653 0.412779 -0.270598 0.270598 -0.923880
-0.326641 0.326641 -0.191342 0.084337 0.273392 -0.653281 0.653281 -0.382683
-0.135299 -0.135299 -0.461940 0.204653 0.587221 -0.270598 -0.270598 -0.923880
-0.326641 -0.326641 -0.191342 0.084337 0.726608 -0.653281 -0.653281 -0.382683
0.250000 -0.250000 0.353554 0.652043 0.666667 0.500000 -0.500000 0.707107
0.500000 0.000000 0.000000 0.500000 0.500000 1.000000 0.000000 0.000000
0.250000 0.250000 0.353554 0.652043 0.333333 0.500000 0.500000 0.707107
0.000000 0.500000 0.000000 0.500000 0.000000 0.000000 1.000000 0.000000
-0.250000 0.250000 0.353554 0.847957 0.333333 -0.500000 0.500000 0.707107
-0.500000 0.000000 0.000000 1.000000 0.500000 -1.000000 0.000000 0.000000
-0.250000 -0.250000 0.353554 0.847957 0.666667 -0.500000 -0.500000 0.707107
0.000000 -0.500000 0.000000 0.500000 1.000000 0.000000 -1.000000 0.000000
0.250000 0.250000 -0.353554 0.347957 0.333333 0.500000 0.500000 -0.707107
0.250000 -0.250000 -0.353554 0.347957 0.666667 0.500000 -0.500000 -0.707107
-0.250000 0.250000 -0.353554 0.152043 0.333333 -0.500000 0.500000 -0.707107
-0.250000 -0.250000 -0.353554 0.152043 0.666667 -0.500000 -0.500000 -0.707107
0.000000 0.000000 0.500000 0.750000 0.500000 0.000000 0.000000 1.000000
0.353554 -0.353554 0.000000 0.500000 0.750000 0.707107 -0.707107 0.000000
0.353554 0.353554 0.000000 0.500000 0.250000 0.707107 0.707107 0.000000
-0.353554 0.353554 0.000000 1.000000 0.250000 -0.707107 0.707107 0.000000
-0.353554 -0.353554 0.000000 1.000000 0.750000 -0.707107 -0.707107 0.000000
0.000000 0.000000 -0.500000 0.250000 0.500000 0.000000 0.000000 -1.000000
-0.191342 0.461940 0.000000 0.000000 0.125000 -0.382683 0.923880 0.000000
-0.461940 -0.191342 0.000000 0.000000 0.625000 -0.923880 -0.382683 0.000000
-0.461940 0.191342 0.000000 0.000000 0.375000 -0.923880 0.382683 0.000000
-0.191342 -0.461940 0.000000 0.000000 0.875000 -0.382683 -0.923880 0.000000
-0.500000 0.000000 0.000000 0.000000 0.500000 -1.000000 0.000000 0.000000
-0.353554 0.353554 0.000000 0.000000 0.250000 -0.707107 0.707107 0.000000
-0.191342 0.461940 0.000000 0.000000 0.125000 -0.382683 0.923880 0.000000
-0.191342 0.461940 0.000000 0.000000 0.125000 -0.382683 0.923880 0.000000
-0.353554 -0.353554 0.000000 0.000000 0.750000 -0.707107 -0.707107 0.000000
-0.461940 -0.191342 0.000000 0.000000 0.625000 -0.923880 -0.382683 0.000000
-0.461940 -0.191342 0.000000 0.000000 0.625000 -0.923880 -0.382683 0.000000
-0.500000 0.000000 0.000000 0.000000 0.500000 -1.000000 0.000000 0.000000
-0.500000 0.000000 0.000000 0.000000 0.500000 -1.000000 0.000000 0.000000
-0.461940 0.191342 0.000000 0.000000 0.375000 -0.923880 0.382683 0.000000
-0.461940 0.191342 0.000000 0.000000 0.375000 -0.923880 0.382683 0.000000
-0.353554 0.353554 0.000000 0.000000 0.250000 -0.707107 0.707107 0.000000
-0.191342 -0.461940 0.000000 0.000000 0.875000 -0.382683 -0.923880 0.000000
-0.191342 -0.461940 0.000000 0.000000 0.875000 -0.382683 -0.923880 0.000000
-0.353554 -0.353554 0.000000 0.000000 0.750000 -0.707107 -0.707107 0.000000

Indices: 
0 1 2 3 4 5 6 7 8 9 10 11 12 13 14 15 16 17 18 19 20 21 22 23 24 2 25 26 27 0 28 29 1 25 5 30 29 31 3 32 33 4 30 8 34 33 35 6 36 37 7 34 11 24 37 38 9 39 26 10 40 14 41 42 28 12 27 43 13 44 17 40 45 66 15 31 42 16 46 20 44 47 67 18 68 45 19 41 23 46 43 39 21 69 47 22 48 0 2 0 49 1 1 50 2 50 3 5 3 51 4 4 52 5 52 6 8 6 53 7 7 54 8 54 9 11 9 55 10 10 48 11 56 12 14 12 49 13 13 57 14 58 15 17 15 51 16 16 56 17 59 18 20 18 70 19 19 58 20 57 21 23 21 55 22 22 59 23 60 24 25 24 48 2 2 50 25 48 26 0 26 61 27 27 49 0 49 28 1 28 62 29 29 50 1 60 25 30 25 50 5 5 52 30 50 29 3 29 62 31 31 51 3 51 32 4 32 63 33 33 52 4 60 30 34 30 52 8 8 54 34 52 33 6 33 63 35 35 53 6 53 36 7 36 64 37 37 54 7 60 34 24 34 54 11 11 48 24 54 37 9 37 64 38 38 55 9 55 39 10 39 61 26 26 48 10 65 40 41 40 56 14 14 57 41 56 42 12 42 62 28 28 49 12 49 27 13 27 61 43 43 57 13 65 44 40 44 58 17 17 56 40 58 45 15 45 71 72 73 51 15 51 31 16 31 62 42 42 56 16 65 46 44 46 59 20 20 58 44 59 47 18 47 74 75 76 77 18 78 79 19 80 81 45 45 58 19 65 41 46 41 57 23 23 59 46 57 43 21 43 61 39 39 55 21 55 82 22 83 84 47 47 59 22 