Indexed mesh of 512 triangles 
Vertex Count: 301
Index Count: 1536
Material Count: 1
Texture Count: 1
Scale to: 1
Has transparencies: 0

T0: textures\white.png

Group name: Blank
Material name: White plastics
Material Start: 0
Material Size: 1536
Material Filename: 0
Light map: 0
Ilumination: 0
Diffuse color: 1 1 1
Specular power: 0
Transparency: 1

Vertex format {	3Dvector POSITION; 2Dvector TEXTURE; 3Dvector NORMAL }

Vertices:

0.452267 0.000000 0.213200 0.570109 0.500000 0.904534 0.000000 0.426401
0.376889 0.075378 0.319801 0.611988 0.451829 0.753778 0.150756 0.639602
0.376889 -0.075378 0.319801 0.611988 0.548171 0.753778 -0.150756 0.639602
0.000000 0.452267 0.213200 0.750000 0.140219 0.000000 0.904534 0.426401
-0.075378 0.376889 0.319801 0.786841 0.228229 -0.150756 0.753778 0.639602
0.075378 0.376889 0.319801 0.713159 0.228229 0.150756 0.753778 0.639602
-0.452267 0.000000 0.213200 0.929891 0.500000 -0.904534 0.000000 0.426401
-0.376889 -0.075378 0.319801 0.888012 0.548171 -0.753778 -0.150756 0.639602
-0.376889 0.075378 0.319801 0.888012 0.451829 -0.753778 0.150756 0.639602
0.000000 -0.452267 0.213200 0.750000 0.859781 0.000000 -0.904534 0.426401
0.075378 -0.376889 0.319801 0.713159 0.771771 0.150756 -0.753778 0.639602
-0.075378 -0.376889 0.319801 0.786841 0.771771 -0.150756 -0.753778 0.639602
0.452267 0.000000 -0.213200 0.429891 0.500000 0.904534 0.000000 -0.426401
0.376889 -0.075378 -0.319801 0.388012 0.548171 0.753778 -0.150756 -0.639602
0.376889 0.075378 -0.319801 0.388012 0.451829 0.753778 0.150756 -0.639602
0.000000 0.452267 -0.213200 0.250000 0.140219 0.000000 0.904534 -0.426401
0.075378 0.376889 -0.319801 0.286841 0.228229 0.150756 0.753778 -0.639602
-0.075378 0.376889 -0.319801 0.213159 0.228229 -0.150756 0.753778 -0.639602
-0.452267 0.000000 -0.213200 0.070110 0.500000 -0.904534 0.000000 -0.426401
-0.376889 0.075378 -0.319801 0.111988 0.451829 -0.753778 0.150756 -0.639602
-0.376889 -0.075378 -0.319801 0.111988 0.548171 -0.753778 -0.150756 -0.639602
0.000000 -0.452267 -0.213200 0.250000 0.859781 0.000000 -0.904534 -0.426401
-0.075378 -0.376889 -0.319801 0.213159 0.771771 -0.150756 -0.753778 -0.639602
0.075378 -0.376889 -0.319801 0.286841 0.771771 0.150756 -0.753778 -0.639602
0.216891 -0.069214 0.445160 0.677844 0.544205 0.433783 -0.138429 0.890320
0.216891 0.069214 0.445160 0.677844 0.455795 0.433783 0.138429 0.890320
0.140542 0.000000 0.479841 0.704653 0.500000 0.281085 0.000000 0.959683
0.409571 -0.269028 0.099378 0.537885 0.680841 0.819141 -0.538056 0.198757
0.457829 -0.171723 0.104424 0.535690 0.611594 0.915657 -0.343445 0.208847
0.388614 -0.240937 0.202308 0.576391 0.660044 0.777228 -0.481874 0.404615
0.409571 0.269028 0.099378 0.537885 0.319159 0.819141 0.538056 0.198757
0.388614 0.240937 0.202308 0.576391 0.339956 0.777228 0.481874 0.404615
0.457829 0.171723 0.104424 0.535690 0.388406 0.915657 0.343445 0.208847
0.069214 0.216891 0.445160 0.725451 0.357178 0.138429 0.433783 0.890320
-0.069214 0.216891 0.445160 0.774549 0.357178 -0.138429 0.433783 0.890320
0.000000 0.140542 0.479841 0.750000 0.409306 0.000000 0.281085 0.959683
0.269028 0.409571 0.099378 0.556317 0.194451 0.538056 0.819141 0.198757
0.171723 0.457829 0.104424 0.586954 0.131671 0.343445 0.915657 0.208847
0.240937 0.388614 0.202308 0.611164 0.216625 0.481874 0.777228 0.404615
-0.269028 0.409571 0.099378 0.943683 0.194451 -0.538056 0.819141 0.198757
-0.240937 0.388614 0.202308 0.888836 0.216625 -0.481874 0.777228 0.404615
-0.171723 0.457829 0.104424 0.913046 0.131671 -0.343445 0.915657 0.208847
-0.216891 0.069214 0.445160 0.822156 0.455795 -0.433783 0.138429 0.890320
-0.216891 -0.069214 0.445160 0.822156 0.544205 -0.433783 -0.138429 0.890320
-0.140542 0.000000 0.479841 0.795347 0.500000 -0.281085 0.000000 0.959683
-0.409571 0.269028 0.099378 0.962115 0.319159 -0.819141 0.538056 0.198757
-0.457829 0.171723 0.104424 0.964310 0.388406 -0.915657 0.343445 0.208847
-0.388614 0.240937 0.202308 0.923609 0.339956 -0.777228 0.481874 0.404615
-0.409571 -0.269028 0.099378 0.962115 0.680841 -0.819141 -0.538056 0.198757
-0.388614 -0.240937 0.202308 0.923609 0.660044 -0.777228 -0.481874 0.404615
-0.457829 -0.171723 0.104424 0.964310 0.611594 -0.915657 -0.343445 0.208847
-0.069214 -0.216891 0.445160 0.774549 0.642822 -0.138429 -0.433783 0.890320
0.069214 -0.216891 0.445160 0.725451 0.642822 0.138429 -0.433783 0.890320
0.000000 -0.140542 0.479841 0.750000 0.590694 0.000000 -0.281085 0.959683
-0.269028 -0.409571 0.099378 0.943683 0.805549 -0.538056 -0.819141 0.198757
-0.171723 -0.457829 0.104424 0.913046 0.868329 -0.343445 -0.915657 0.208847
-0.240937 -0.388614 0.202308 0.888836 0.783375 -0.481874 -0.777228 0.404615
0.269028 -0.409571 0.099378 0.556317 0.805549 0.538056 -0.819141 0.198757
0.240937 -0.388614 0.202308 0.611164 0.783375 0.481874 -0.777228 0.404615
0.171723 -0.457829 0.104424 0.586954 0.868329 0.343445 -0.915657 0.208847
0.216891 0.069214 -0.445160 0.322156 0.455795 0.433783 0.138429 -0.890320
0.216891 -0.069214 -0.445160 0.322156 0.544205 0.433783 -0.138429 -0.890320
0.140542 0.000000 -0.479841 0.295347 0.500000 0.281085 0.000000 -0.959683
0.409571 0.269028 -0.099378 0.462115 0.319159 0.819141 0.538056 -0.198757
0.457829 0.171723 -0.104424 0.464310 0.388406 0.915657 0.343445 -0.208847
0.388614 0.240937 -0.202308 0.423609 0.339956 0.777228 0.481874 -0.404615
0.409571 -0.269028 -0.099378 0.462115 0.680841 0.819141 -0.538056 -0.198757
0.388614 -0.240937 -0.202308 0.423609 0.660044 0.777228 -0.481874 -0.404615
0.457829 -0.171723 -0.104424 0.464310 0.611594 0.915657 -0.343445 -0.208847
-0.069214 0.216891 -0.445160 0.225451 0.357178 -0.138429 0.433783 -0.890320
0.069214 0.216891 -0.445160 0.274549 0.357178 0.138429 0.433783 -0.890320
0.000000 0.140542 -0.479841 0.250000 0.409306 0.000000 0.281085 -0.959683
-0.269028 0.409571 -0.099378 0.056317 0.194451 -0.538056 0.819141 -0.198757
-0.171723 0.457829 -0.104424 0.086954 0.131671 -0.343445 0.915657 -0.208847
-0.240937 0.388614 -0.202308 0.111164 0.216625 -0.481874 0.777228 -0.404615
0.269028 0.409571 -0.099378 0.443683 0.194451 0.538056 0.819141 -0.198757
0.240937 0.388614 -0.202308 0.388836 0.216625 0.481874 0.777228 -0.404615
0.171723 0.457829 -0.104424 0.413046 0.131671 0.343445 0.915657 -0.208847
-0.216891 -0.069214 -0.445160 0.177844 0.544205 -0.433783 -0.138429 -0.890320
-0.216891 0.069214 -0.445160 0.177844 0.455795 -0.433783 0.138429 -0.890320
-0.140542 0.000000 -0.479841 0.204653 0.500000 -0.281085 0.000000 -0.959683
-0.409571 -0.269028 -0.099378 0.037885 0.680841 -0.819141 -0.538056 -0.198757
-0.457829 -0.171723 -0.104424 0.035690 0.611594 -0.915657 -0.343445 -0.208847
-0.388614 -0.240937 -0.202308 0.076391 0.660044 -0.777228 -0.481874 -0.404615
-0.409571 0.269028 -0.099378 0.037885 0.319159 -0.819141 0.538056 -0.198757
-0.388614 0.240937 -0.202308 0.076391 0.339956 -0.777228 0.481874 -0.404615
-0.457829 0.171723 -0.104424 0.035690 0.388406 -0.915657 0.343445 -0.208847
0.069214 -0.216891 -0.445160 0.274549 0.642822 0.138429 -0.433783 -0.890320
-0.069214 -0.216891 -0.445160 0.225451 0.642822 -0.138429 -0.433783 -0.890320
0.000000 -0.140542 -0.479841 0.250000 0.590694 0.000000 -0.281085 -0.959683
0.269028 -0.409571 -0.099378 0.443683 0.805549 0.538056 -0.819141 -0.198757
0.171723 -0.457829 -0.104424 0.413046 0.868329 0.343445 -0.915657 -0.208847
0.240937 -0.388614 -0.202308 0.388836 0.783375 0.481874 -0.777228 -0.404615
-0.269028 -0.409571 -0.099378 0.056317 0.805549 -0.538056 -0.819141 -0.198757
-0.240937 -0.388614 -0.202308 0.111164 0.783375 -0.481874 -0.777228 -0.404615
-0.171723 -0.457829 -0.104424 0.086954 0.868329 -0.343445 -0.915657 -0.208847
0.353554 -0.204124 0.288675 0.608976 0.633860 0.707107 -0.408248 0.577350
0.278839 -0.129410 0.394338 0.652043 0.583333 0.557678 -0.258819 0.788675
0.482963 -0.074715 0.105663 0.534280 0.547744 0.965926 -0.149429 0.211325
0.482963 0.074715 0.105663 0.534280 0.452256 0.965926 0.149429 0.211325
0.353554 0.204124 0.288675 0.608976 0.366140 0.707107 0.408248 0.577350
0.278839 0.129410 0.394338 0.652043 0.416667 0.557678 0.258819 0.788675
0.204124 0.353554 0.288675 0.652043 0.250000 0.408248 0.707107 0.577350
0.129410 0.278839 0.394338 0.699533 0.311693 0.258819 0.557678 0.788675
0.074715 0.482963 0.105663 0.652043 0.083333 0.149429 0.965926 0.211325
-0.074715 0.482963 0.105663 0.847957 0.083333 -0.149429 0.965926 0.211325
-0.204124 0.353554 0.288675 0.847957 0.250000 -0.408248 0.707107 0.577350
-0.129410 0.278839 0.394338 0.800467 0.311693 -0.258819 0.557678 0.788675
-0.353554 0.204124 0.288675 0.891024 0.366140 -0.707107 0.408248 0.577350
-0.278839 0.129410 0.394338 0.847957 0.416667 -0.557678 0.258819 0.788675
-0.482963 0.074715 0.105663 0.965720 0.452256 -0.965926 0.149429 0.211325
-0.482963 -0.074715 0.105663 0.965720 0.547744 -0.965926 -0.149429 0.211325
-0.353554 -0.204124 0.288675 0.891024 0.633860 -0.707107 -0.408248 0.577350
-0.278839 -0.129410 0.394338 0.847957 0.583333 -0.557678 -0.258819 0.788675
-0.204124 -0.353554 0.288675 0.847957 0.750000 -0.408248 -0.707107 0.577350
-0.129410 -0.278839 0.394338 0.800467 0.688307 -0.258819 -0.557678 0.788675
-0.074715 -0.482963 0.105663 0.847957 0.916667 -0.149429 -0.965926 0.211325
0.074715 -0.482963 0.105663 0.652043 0.916667 0.149429 -0.965926 0.211325
0.204124 -0.353554 0.288675 0.652043 0.750000 0.408248 -0.707107 0.577350
0.129410 -0.278839 0.394338 0.699533 0.688307 0.258819 -0.557678 0.788675
0.353554 0.204124 -0.288675 0.391024 0.366140 0.707107 0.408248 -0.577350
0.278839 0.129410 -0.394338 0.347957 0.416667 0.557678 0.258819 -0.788675
0.482963 0.074715 -0.105663 0.465720 0.452256 0.965926 0.149429 -0.211325
0.482963 -0.074715 -0.105663 0.465720 0.547744 0.965926 -0.149429 -0.211325
0.353554 -0.204124 -0.288675 0.391024 0.633860 0.707107 -0.408248 -0.577350
0.278839 -0.129410 -0.394338 0.347957 0.583333 0.557678 -0.258819 -0.788675
-0.204124 0.353554 -0.288675 0.152043 0.250000 -0.408248 0.707107 -0.577350
-0.129410 0.278839 -0.394338 0.199533 0.311693 -0.258819 0.557678 -0.788675
-0.074715 0.482963 -0.105663 0.152043 0.083333 -0.149429 0.965926 -0.211325
0.074715 0.482963 -0.105663 0.347957 0.083333 0.149429 0.965926 -0.211325
0.204124 0.353554 -0.288675 0.347957 0.250000 0.408248 0.707107 -0.577350
0.129410 0.278839 -0.394338 0.300467 0.311693 0.258819 0.557678 -0.788675
-0.353554 -0.204124 -0.288675 0.108976 0.633860 -0.707107 -0.408248 -0.577350
-0.278839 -0.129410 -0.394338 0.152043 0.583333 -0.557678 -0.258819 -0.788675
-0.482963 -0.074715 -0.105663 0.034280 0.547744 -0.965926 -0.149429 -0.211325
-0.482963 0.074715 -0.105663 0.034280 0.452256 -0.965926 0.149429 -0.211325
-0.353554 0.204124 -0.288675 0.108976 0.366140 -0.707107 0.408248 -0.577350
-0.278839 0.129410 -0.394338 0.152043 0.416667 -0.557678 0.258819 -0.788675
0.204124 -0.353554 -0.288675 0.347957 0.750000 0.408248 -0.707107 -0.577350
0.129410 -0.278839 -0.394338 0.300467 0.688307 0.258819 -0.557678 -0.788675
0.074715 -0.482963 -0.105663 0.347957 0.916667 0.149429 -0.965926 -0.211325
-0.074715 -0.482963 -0.105663 0.152043 0.916667 -0.149429 -0.965926 -0.211325
-0.204124 -0.353554 -0.288675 0.152043 0.750000 -0.408248 -0.707107 -0.577350
-0.129410 -0.278839 -0.394338 0.199533 0.688307 -0.258819 -0.557678 -0.788675
0.068975 -0.068975 0.490393 0.727760 0.544051 0.137950 -0.137950 0.980785
0.068975 0.068975 0.490393 0.727760 0.455949 0.137950 0.137950 0.980785
0.196424 -0.196424 0.415735 0.679751 0.628510 0.392847 -0.392847 0.831470
0.196424 0.196424 0.415735 0.679751 0.371490 0.392847 0.392847 0.831470
0.293969 -0.293969 0.277785 0.620496 0.700060 0.587938 -0.587938 0.555570
0.346760 -0.346760 0.097545 0.543643 0.743941 0.693520 -0.693520 0.195090
0.415735 -0.277785 0.000000 0.500000 0.687500 0.831470 -0.555570 0.000000
0.490393 -0.097545 0.000000 0.500000 0.562500 0.980785 -0.195090 0.000000
0.490393 0.097545 0.000000 0.500000 0.437500 0.980785 0.195090 0.000000
0.415735 0.277785 0.000000 0.500000 0.312500 0.831470 0.555570 0.000000
0.346760 0.346760 0.097545 0.543643 0.256059 0.693520 0.693520 0.195090
0.293969 0.293969 0.277785 0.620496 0.299940 0.587938 0.587938 0.555570
-0.068975 0.068975 0.490393 0.772240 0.455949 -0.137950 0.137950 0.980785
-0.196424 0.196424 0.415735 0.820249 0.371490 -0.392847 0.392847 0.831470
0.277785 0.415735 0.000000 0.500000 0.187500 0.555570 0.831470 0.000000
0.097545 0.490393 0.000000 0.500000 0.062500 0.195090 0.980785 0.000000
-0.097545 0.490393 0.000000 1.000000 0.062500 -0.195090 0.980785 0.000000
-0.277785 0.415735 0.000000 1.000000 0.187500 -0.555570 0.831470 0.000000
-0.346760 0.346760 0.097545 0.956357 0.256059 -0.693520 0.693520 0.195090
-0.293969 0.293969 0.277785 0.879504 0.299940 -0.587938 0.587938 0.555570
-0.068975 -0.068975 0.490393 0.772240 0.544051 -0.137950 -0.137950 0.980785
-0.196424 -0.196424 0.415735 0.820249 0.628510 -0.392847 -0.392847 0.831470
-0.415735 0.277785 0.000000 1.000000 0.312500 -0.831470 0.555570 0.000000
-0.490393 0.097545 0.000000 1.000000 0.437500 -0.980785 0.195090 0.000000
-0.490393 -0.097545 0.000000 1.000000 0.562500 -0.980785 -0.195090 0.000000
-0.415735 -0.277785 0.000000 1.000000 0.687500 -0.831470 -0.555570 0.000000
-0.346760 -0.346760 0.097545 0.956357 0.743941 -0.693520 -0.693520 0.195090
-0.293969 -0.293969 0.277785 0.879504 0.700060 -0.587938 -0.587938 0.555570
-0.277785 -0.415735 0.000000 1.000000 0.812500 -0.555570 -0.831470 0.000000
-0.097545 -0.490393 0.000000 1.000000 0.937500 -0.195090 -0.980785 0.000000
0.097545 -0.490393 0.000000 0.500000 0.937500 0.195090 -0.980785 0.000000
0.277785 -0.415735 0.000000 0.500000 0.812500 0.555570 -0.831470 0.000000
0.068975 0.068975 -0.490393 0.272240 0.455949 0.137950 0.137950 -0.980785
0.068975 -0.068975 -0.490393 0.272240 0.544051 0.137950 -0.137950 -0.980785
0.196424 0.196424 -0.415735 0.320249 0.371490 0.392847 0.392847 -0.831470
0.196424 -0.196424 -0.415735 0.320249 0.628510 0.392847 -0.392847 -0.831470
0.293969 0.293969 -0.277785 0.379504 0.299940 0.587938 0.587938 -0.555570
0.346760 0.346760 -0.097545 0.456357 0.256059 0.693520 0.693520 -0.195090
0.346760 -0.346760 -0.097545 0.456357 0.743941 0.693520 -0.693520 -0.195090
0.293969 -0.293969 -0.277785 0.379504 0.700060 0.587938 -0.587938 -0.555570
-0.068975 0.068975 -0.490393 0.227760 0.455949 -0.137950 0.137950 -0.980785
-0.196424 0.196424 -0.415735 0.179751 0.371490 -0.392847 0.392847 -0.831470
-0.293969 0.293969 -0.277785 0.120496 0.299940 -0.587938 0.587938 -0.555570
-0.346760 0.346760 -0.097545 0.043643 0.256059 -0.693520 0.693520 -0.195090
-0.068975 -0.068975 -0.490393 0.227760 0.544051 -0.137950 -0.137950 -0.980785
-0.196424 -0.196424 -0.415735 0.179751 0.628510 -0.392847 -0.392847 -0.831470
-0.293969 -0.293969 -0.277785 0.120496 0.700060 -0.587938 -0.587938 -0.555570
-0.346760 -0.346760 -0.097545 0.043643 0.743941 -0.693520 -0.693520 -0.195090
0.433013 -0.144338 0.204124 0.570109 0.593215 0.866025 -0.288675 0.408248
0.433013 0.144338 0.204124 0.570109 0.406785 0.866025 0.288675 0.408248
0.288675 0.000000 0.408249 0.652043 0.500000 0.577350 0.000000 0.816497
0.144338 0.433013 0.204124 0.652043 0.166667 0.288675 0.866025 0.408248
-0.144338 0.433013 0.204124 0.847957 0.166667 -0.288675 0.866025 0.408248
0.000000 0.288675 0.408249 0.750000 0.304087 0.000000 0.577350 0.816497
-0.433013 0.144338 0.204124 0.929891 0.406785 -0.866025 0.288675 0.408248
-0.433013 -0.144338 0.204124 0.929891 0.593215 -0.866025 -0.288675 0.408248
-0.288675 0.000000 0.408249 0.847957 0.500000 -0.577350 0.000000 0.816497
-0.144338 -0.433013 0.204124 0.847957 0.833333 -0.288675 -0.866025 0.408248
0.144338 -0.433013 0.204124 0.652043 0.833333 0.288675 -0.866025 0.408248
0.000000 -0.288675 0.408249 0.750000 0.695913 0.000000 -0.577350 0.816497
0.433013 0.144338 -0.204124 0.429891 0.406785 0.866025 0.288675 -0.408248
0.433013 -0.144338 -0.204124 0.429891 0.593215 0.866025 -0.288675 -0.408248
0.288675 0.000000 -0.408249 0.347957 0.500000 0.577350 0.000000 -0.816497
-0.144338 0.433013 -0.204124 0.152043 0.166667 -0.288675 0.866025 -0.408248
0.144338 0.433013 -0.204124 0.347957 0.166667 0.288675 0.866025 -0.408248
0.000000 0.288675 -0.408249 0.250000 0.304087 0.000000 0.577350 -0.816497
-0.433013 -0.144338 -0.204124 0.070110 0.593215 -0.866025 -0.288675 -0.408248
-0.433013 0.144338 -0.204124 0.070110 0.406785 -0.866025 0.288675 -0.408248
-0.288675 0.000000 -0.408249 0.152043 0.500000 -0.577350 0.000000 -0.816497
0.144338 -0.433013 -0.204124 0.347957 0.833333 0.288675 -0.866025 -0.408248
-0.144338 -0.433013 -0.204124 0.152043 0.833333 -0.288675 -0.866025 -0.408248
0.000000 -0.288675 -0.408249 0.250000 0.695913 0.000000 -0.577350 -0.816497
0.135299 -0.135299 0.461940 0.704653 0.587221 0.270598 -0.270598 0.923880
0.135299 0.135299 0.461940 0.704653 0.412779 0.270598 0.270598 0.923880
0.326641 -0.326641 0.191342 0.584337 0.726608 0.653281 -0.653281 0.382683
0.461940 -0.191342 0.000000 0.500000 0.625000 0.923880 -0.382683 0.000000
0.461940 0.191342 0.000000 0.500000 0.375000 0.923880 0.382683 0.000000
0.326641 0.326641 0.191342 0.584337 0.273392 0.653281 0.653281 0.382683
-0.135299 0.135299 0.461940 0.795347 0.412779 -0.270598 0.270598 0.923880
0.191342 0.461940 0.000000 0.500000 0.125000 0.382683 0.923880 0.000000
-0.191342 0.461940 0.000000 1.000000 0.125000 -0.382683 0.923880 0.000000
-0.326641 0.326641 0.191342 0.915663 0.273392 -0.653281 0.653281 0.382683
-0.135299 -0.135299 0.461940 0.795347 0.587221 -0.270598 -0.270598 0.923880
-0.461940 0.191342 0.000000 1.000000 0.375000 -0.923880 0.382683 0.000000
-0.461940 -0.191342 0.000000 1.000000 0.625000 -0.923880 -0.382683 0.000000
-0.326641 -0.326641 0.191342 0.915663 0.726608 -0.653281 -0.653281 0.382683
-0.191342 -0.461940 0.000000 1.000000 0.875000 -0.382683 -0.923880 0.000000
0.191342 -0.461940 0.000000 0.500000 0.875000 0.382683 -0.923880 0.000000
0.135299 0.135299 -0.461940 0.295347 0.412779 0.270598 0.270598 -0.923880
0.135299 -0.135299 -0.461940 0.295347 0.587221 0.270598 -0.270598 -0.923880
0.326641 0.326641 -0.191342 0.415663 0.273392 0.653281 0.653281 -0.382683
0.326641 -0.326641 -0.191342 0.415663 0.726608 0.653281 -0.653281 -0.382683
-0.135299 0.135299 -0.461940 0.204653 0.412779 -0.270598 0.270598 -0.923880
-0.326641 0.326641 -0.191342 0.084337 0.273392 -0.653281 0.653281 -0.382683
-0.135299 -0.135299 -0.461940 0.204653 0.587221 -0.270598 -0.270598 -0.923880
-0.326641 -0.326641 -0.191342 0.084337 0.726608 -0.653281 -0.653281 -0.382683
0.250000 -0.250000 0.353554 0.652043 0.666667 0.500000 -0.500000 0.707107
0.500000 0.000000 0.000000 0.500000 0.500000 1.000000 0.000000 0.000000
0.250000 0.250000 0.353554 0.652043 0.333333 0.500000 0.500000 0.707107
0.000000 0.500000 0.000000 0.500000 0.000000 0.000000 1.000000 0.000000
-0.250000 0.250000 0.353554 0.847957 0.333333 -0.500000 0.500000 0.707107
-0.500000 0.000000 0.000000 1.000000 0.500000 -1.000000 0.000000 0.000000
-0.250000 -0.250000 0.353554 0.847957 0.666667 -0.500000 -0.500000 0.707107
0.000000 -0.500000 0.000000 0.500000 1.000000 0.000000 -1.000000 0.000000
0.250000 0.250000 -0.353554 0.347957 0.333333 0.500000 0.500000 -0.707107
0.250000 -0.250000 -0.353554 0.347957 0.666667 0.500000 -0.500000 -0.707107
-0.250000 0.250000 -0.353554 0.152043 0.333333 -0.500000 0.500000 -0.707107
-0.250000 -0.250000 -0.353554 0.152043 0.666667 -0.500000 -0.500000 -0.707107
0.000000 0.000000 0.500000 0.750000 0.500000 0.000000 0.000000 1.000000
0.353554 -0.353554 0.000000 0.500000 0.750000 0.707107 -0.707107 0.000000
0.353554 0.353554 0.000000 0.500000 0.250000 0.707107 0.707107 0.000000
-0.353554 0.353554 0.000000 1.000000 0.250000 -0.707107 0.707107 0.000000
-0.353554 -0.353554 0.000000 1.000000 0.750000 -0.707107 -0.707107 0.000000
0.000000 0.000000 -0.500000 0.250000 0.500000 0.000000 0.000000 -1.000000
-0.277785 0.415735 0.000000 0.000000 0.187500 -0.555570 0.831470 0.000000
-0.097545 0.490393 0.000000 0.000000 0.062500 -0.195090 0.980785 0.000000
-0.415735 -0.277785 0.000000 0.000000 0.687500 -0.831470 -0.555570 0.000000
-0.490393 -0.097545 0.000000 0.000000 0.562500 -0.980785 -0.195090 0.000000
-0.490393 0.097545 0.000000 0.000000 0.437500 -0.980785 0.195090 0.000000
-0.415735 0.277785 0.000000 0.000000 0.312500 -0.831470 0.555570 0.000000
-0.097545 -0.490393 0.000000 0.000000 0.937500 -0.195090 -0.980785 0.000000
-0.277785 -0.415735 0.000000 0.000000 0.812500 -0.555570 -0.831470 0.000000
-0.191342 0.461940 0.000000 0.000000 0.125000 -0.382683 0.923880 0.000000
-0.461940 -0.191342 0.000000 0.000000 0.625000 -0.923880 -0.382683 0.000000
-0.461940 0.191342 0.000000 0.000000 0.375000 -0.923880 0.382683 0.000000
-0.191342 -0.461940 0.000000 0.000000 0.875000 -0.382683 -0.923880 0.000000
-0.500000 0.000000 0.000000 0.000000 0.500000 -1.000000 0.000000 0.000000
-0.353554 0.353554 0.000000 0.000000 0.250000 -0.707107 0.707107 0.000000
-0.277785 0.415735 0.000000 0.000000 0.187500 -0.555570 0.831470 0.000000
-0.277785 0.415735 0.000000 0.000000 0.187500 -0.555570 0.831470 0.000000
-0.191342 0.461940 0.000000 0.000000 0.125000 -0.382683 0.923880 0.000000
-0.191342 0.461940 0.000000 0.000000 0.125000 -0.382683 0.923880 0.000000
-0.097545 0.490393 0.000000 0.000000 0.062500 -0.195090 0.980785 0.000000
-0.097545 0.490393 0.000000 0.000000 0.062500 -0.195090 0.980785 0.000000
-0.353554 -0.353554 0.000000 0.000000 0.750000 -0.707107 -0.707107 0.000000
-0.415735 -0.277785 0.000000 0.000000 0.687500 -0.831470 -0.555570 0.000000
-0.415735 -0.277785 0.000000 0.000000 0.687500 -0.831470 -0.555570 0.000000
-0.461940 -0.191342 0.000000 0.000000 0.625000 -0.923880 -0.382683 0.000000
-0.461940 -0.191342 0.000000 0.000000 0.625000 -0.923880 -0.382683 0.000000
-0.490393 -0.097545 0.000000 0.000000 0.562500 -0.980785 -0.195090 0.000000
-0.490393 -0.097545 0.000000 0.000000 0.562500 -0.980785 -0.195090 0.000000
-0.500000 0.000000 0.000000 0.000000 0.500000 -1.000000 0.000000 0.000000
-0.500000 0.000000 0.000000 0.000000 0.500000 -1.000000 0.000000 0.000000
-0.490393 0.097545 0.000000 0.000000 0.437500 -0.980785 0.195090 0.000000
-0.490393 0.097545 0.000000 0.000000 0.437500 -0.980785 0.195090 0.000000
-0.461940 0.191342 0.000000 0.000000 0.375000 -0.923880 0.382683 0.000000
-0.461940 0.191342 0.000000 0.000000 0.375000 -0.923880 0.382683 0.000000
-0.415735 0.277785 0.000000 0.000000 0.312500 -0.831470 0.555570 0.000000
-0.415735 0.277785 0.000000 0.000000 0.312500 -0.831470 0.555570 0.000000
-0.353554 0.353554 0.000000 0.000000 0.250000 -0.707107 0.707107 0.000000
-0.097545 -0.490393 0.000000 0.000000 0.937500 -0.195090 -0.980785 0.000000
-0.097545 -0.490393 0.000000 0.000000 0.937500 -0.195090 -0.980785 0.000000
-0.191342 -0.461940 0.000000 0.000000 0.875000 -0.382683 -0.923880 0.000000
-0.191342 -0.461940 0.000000 0.000000 0.875000 -0.382683 -0.923880 0.000000
-0.277785 -0.415735 0.000000 0.000000 0.812500 -0.555570 -0.831470 0.000000
-0.277785 -0.415735 0.000000 0.000000 0.812500 -0.555570 -0.831470 0.000000
-0.353554 -0.353554 0.000000 0.000000 0.750000 -0.707107 -0.707107 0.000000

Indices: 
0 1 2 3 4 5 6 7 8 9 10 11 12 13 14 15 16 17 18 19 20 21 22 23 24 25 26 27 28 29 30 31 32 33 34 35 36 37 38 39 40 41 42 43 44 45 46 47 48 49 50 51 52 53 54 55 56 57 58 59 60 61 62 63 64 65 66 67 68 69 70 71 72 73 74 75 76 77 78 79 80 81 82 83 84 85 86 87 88 89 90 91 92 93 94 95 96 2 97 98 99 0 100 101 1 102 5 103 104 105 3 106 107 4 108 8 109 110 111 6 112 113 7 114 11 115 116 117 9 118 119 10 120 14 121 122 123 12 124 125 13 126 17 127 128 129 15 130 131 16 132 20 133 134 135 18 136 137 19 138 23 139 140 141 21 142 143 22 144 26 145 146 97 24 101 147 25 148 29 96 149 150 27 151 98 28 152 32 99 153 154 30 155 100 31 145 35 156 147 103 33 107 157 34 155 38 102 154 158 36 159 104 37 160 41 105 161 162 39 163 106 40 156 44 164 157 109 42 113 165 43 163 47 108 162 166 45 167 110 46 168 50 111 169 170 48 171 112 49 164 53 144 165 115 51 119 146 52 171 56 114 170 172 54 173 116 55 174 59 117 175 149 57 148 118 58 176 62 177 178 121 60 125 179 61 180 65 120 181 153 63 152 122 64 151 68 123 150 182 66 183 124 67 184 71 176 185 127 69 131 178 70 186 74 126 187 258 72 259 128 73 159 77 129 158 181 75 180 130 76 188 80 184 189 133 78 137 185 79 190 83 132 191 260 81 261 134 82 262 86 135 263 187 84 186 136 85 177 89 188 179 139 87 143 189 88 183 92 138 182 175 90 174 140 91 264 95 141 265 191 93 190 142 94 192 0 2 0 193 1 1 194 2 195 3 5 3 196 4 4 197 5 198 6 8 6 199 7 7 200 8 201 9 11 9 202 10 10 203 11 204 12 14 12 205 13 13 206 14 207 15 17 15 208 16 16 209 17 210 18 20 18 211 19 19 212 20 213 21 23 21 214 22 22 215 23 216 24 26 24 194 25 25 217 26 218 27 29 27 219 28 28 192 29 220 30 32 30 221 31 31 193 32 217 33 35 33 197 34 34 222 35 221 36 38 36 223 37 37 195 38 224 39 41 39 225 40 40 196 41 222 42 44 42 200 43 43 226 44 225 45 47 45 227 46 46 198 47 228 48 50 48 229 49 49 199 50 226 51 53 51 203 52 52 216 53 229 54 56 54 230 55 55 201 56 231 57 59 57 218 58 58 202 59 232 60 62 60 206 61 61 233 62 234 63 65 63 220 64 64 204 65 219 66 68 66 235 67 67 205 68 236 69 71 69 209 70 70 232 71 237 72 74 72 266 73 73 207 74 223 75 77 75 234 76 76 208 77 238 78 80 78 212 79 79 236 80 239 81 83 81 267 82 82 210 83 268 84 86 84 237 85 85 211 86 233 87 89 87 215 88 88 238 89 235 90 92 90 231 91 91 213 92 269 93 95 93 239 94 94 214 95 240 96 97 96 192 2 2 194 97 192 98 0 98 241 99 99 193 0 193 100 1 100 242 101 101 194 1 242 102 103 102 195 5 5 197 103 195 104 3 104 243 105 105 196 3 196 106 4 106 244 107 107 197 4 244 108 109 108 198 8 8 200 109 198 110 6 110 245 111 111 199 6 199 112 7 112 246 113 113 200 7 246 114 115 114 201 11 11 203 115 201 116 9 116 247 117 117 202 9 202 118 10 118 240 119 119 203 10 248 120 121 120 204 14 14 206 121 204 122 12 122 241 123 123 205 12 205 124 13 124 249 125 125 206 13 250 126 127 126 207 17 17 209 127 207 128 15 128 243 129 129 208 15 208 130 16 130 248 131 131 209 16 251 132 133 132 210 20 20 212 133 210 134 18 134 270 135 135 211 18 211 136 19 136 250 137 137 212 19 249 138 139 138 213 23 23 215 139 213 140 21 140 247 141 141 214 21 214 142 22 142 251 143 143 215 22 252 144 145 144 216 26 26 217 145 216 146 24 146 240 97 97 194 24 194 101 25 101 242 147 147 217 25 240 148 96 148 218 29 29 192 96 218 149 27 149 253 150 150 219 27 219 151 28 151 241 98 98 192 28 241 152 99 152 220 32 32 193 99 220 153 30 153 254 154 154 221 30 221 155 31 155 242 100 100 193 31 252 145 156 145 217 35 35 222 156 217 147 33 147 242 103 103 197 33 197 107 34 107 244 157 157 222 34 242 155 102 155 221 38 38 195 102 221 154 36 154 254 158 158 223 36 223 159 37 159 243 104 104 195 37 243 160 105 160 224 41 41 196 105 224 161 39 161 255 162 162 225 39 225 163 40 163 244 106 106 196 40 252 156 164 156 222 44 44 226 164 222 157 42 157 244 109 109 200 42 200 113 43 113 246 165 165 226 43 244 163 108 163 225 47 47 198 108 225 162 45 162 255 166 166 227 45 227 167 46 167 245 110 110 198 46 245 168 111 168 228 50 50 199 111 228 169 48 169 256 170 170 229 48 229 171 49 171 246 112 112 199 49 252 164 144 164 226 53 53 216 144 226 165 51 165 246 115 115 203 51 203 119 52 119 240 146 146 216 52 246 171 114 171 229 56 56 201 114 229 170 54 170 256 172 172 230 54 230 173 55 173 247 116 116 201 55 247 174 117 174 231 59 59 202 117 231 175 57 175 253 149 149 218 57 218 148 58 148 240 118 118 202 58 257 176 177 176 232 62 62 233 177 232 178 60 178 248 121 121 206 60 206 125 61 125 249 179 179 233 61 248 180 120 180 234 65 65 204 120 234 181 63 181 254 153 153 220 63 220 152 64 152 241 122 122 204 64 241 151 123 151 219 68 68 205 123 219 150 66 150 253 182 182 235 66 235 183 67 183 249 124 124 205 67 257 184 176 184 236 71 71 232 176 236 185 69 185 250 127 127 209 69 209 131 70 131 248 178 178 232 70 250 186 126 186 237 74 74 207 126 237 187 72 187 271 272 273 274 72 275 276 73 277 243 128 128 207 73 243 159 129 159 223 77 77 208 129 223 158 75 158 254 181 181 234 75 234 180 76 180 248 130 130 208 76 257 188 184 188 238 80 80 236 184 238 189 78 189 251 133 133 212 78 212 137 79 137 250 185 185 236 79 251 190 132 190 239 83 83 210 132 239 191 81 191 278 279 280 281 81 282 283 82 284 285 134 134 210 82 286 287 135 288 289 86 86 211 135 290 291 84 292 293 187 187 237 84 237 186 85 186 250 136 136 211 85 257 177 188 177 233 89 89 238 188 233 179 87 179 249 139 139 215 87 215 143 88 143 251 189 189 238 88 249 183 138 183 235 92 92 213 138 235 182 90 182 253 175 175 231 90 231 174 91 174 247 140 140 213 91 247 294 141 295 296 95 95 214 141 297 298 93 299 300 191 191 239 93 239 190 94 190 251 142 142 214 94 