Total constellations: 2

Name: Orion
Lines: 28
Bellatrix -1.50628 1.10596 -9.82384
Meissa -1.06645 1.72516 -9.79216 
Betelgeuse -0.208899 1.28918 -9.91435
Alnitak -0.838089 -0.338978 -9.95905
Saiph -0.526384 -1.67966 -9.84386
Rigel -1.95052 -1.42657 -9.70363
Mintaka -1.21839 -0.0522012 -9.92536
Bellatrix -1.50628 1.10596 -9.82384
Pi3_Orionis -2.99149 1.21198 -9.46478
Pi2_Orionis -2.94568 1.54713 -9.43023
Pi1_Orionis -2.7588 1.7624 -9.44897
Pi2_Orionis -2.94568 1.54713 -9.43023
Pi3_Orionis -2.99149 1.21198 -9.46478
Pi4_Orionis -2.94269 0.976716 -9.50719
Pi5_Orionis -2.82706 0.425849 -9.58261
Pi6_Orionis -2.64813 0.299108 -9.63836
Pi5_Orionis -2.82706 0.425849 -9.58261
Pi4_Orionis -2.94269 0.976716 -9.50719
Pi3_Orionis -2.99149 1.21198 -9.46478
Bellatrix -1.50628 1.10596 -9.82384
Meissa -1.06645 1.72516 -9.79216
Betelgeuse -0.208899 1.28918 -9.91435
Mu_Orionis 0.102519 1.67582 -9.85805
Xi_Orionis 0.504811 2.45456 -9.68093
Chi2_Orionis 0.160567 3.4429 -9.38726
Chi1_Orionis -0.229875 3.46546 -9.37751
Nu_Orionis 0.319421 2.54914 -9.66436
Xi_Orionis 0.504811 2.45456 -9.68093

Name: Aquarius
Lines: 24
Epsilon_Aquarii -6.58925 -1.64975 7.33895
Mu_Aquarii -6.75691 -1.56147 7.20458
Sadalsuud -7.93709 -0.970821 6.00501
Iota_Aquarii -8.54076 -2.39714 4.61618
Sadalsuud -7.93709 -0.970821 6.00501
Sadalmelik -8.78353 -0.0558242 4.7798
Pi_Aquarii -9.15533 0.240379 4.01524
Zeta_Aquarii -9.21917 -0.00348574 3.87387
Eta_Aquarii -9.32568 -0.020507 3.60988
Zeta_Aquarii -9.21917 -0.00348574 3.87387
Gamma_Aquarii -9.09072 -0.242111 4.15936
Sadalmelik -8.78353 -0.0558242 4.7798
Theta_Aquarii -8.92088 -1.35427 4.31089
Rho_Aquarii -8.9824 -1.3608 4.17909
Lambda_Aquarii -9.48723 -1.31903 2.87274
Phi_Aquarii -9.74747 -1.05379 1.96886
Psi2_Aquarii -9.70579 -1.5958 1.80308
98_Aquarii -9.2686 -3.43669 1.51071
Psi2_Aquarii -9.70579 -1.5958 1.80308
88_Aquarii -9.09904 -3.61176 2.04027
Psi2_Aquarii -9.70579 -1.5958 1.80308
Delta_Aquarii -9.2327 -2.7263 2.70638
Tau_Aquarii -9.22203 -2.42877 3.0092
Lambda_Aquarii -9.48723 -1.31903 2.87274