676,677,358,15,,21Alp And,Alpheratz (Alpha Andromedae),0.139791,29.090432,29.7442,135.68,-162.95,-12.0,2.070,-0.297,B9p,-0.038,25.974572,0.951042,14.461264,-0.00000002,0.00001958,-0.00002650,0.03659716270801555,0.5077238184659449,0.0000006577952017777778,-0.000000790003892,Alp,21,And,1,676,,114.49855346901883,Alp,2.083,2.063
744,746,432,21,Gl 8,11Bet Cas,Caph (Beta Cassiopeiae),0.152887,59.149780,16.7842,523.39,-180.42,11.3,2.280,1.155,F2III-IV,0.380,8.600014,0.344589,14.409503,0.00001681,0.00004329,0.00000239,0.040025852830323276,1.0323584043676326,0.0000025374663226597225,-0.000000874700842,Bet,11,Cas,1,744,,30.06076302628229,Bet,2.303,2.263
1065,1067,886,39,,88Gam Peg,Algenib (Gamma Pegasi),0.220598,15.183596,120.0480,4.70,-8.24,4.0,2.830,-2.567,B2IV,-0.190,115.664183,6.687324,31.442127,0.00000504,0.00000303,-0.00000356,0.05775241337962613,0.2650037404493388,0.000000022786242986111112,-0.000000039948647,Gam,88,Peg,1,1065,,926.4031007363994,Gam,2.846,2.816
2076,2081,2261,99,,Alp Phe,Ankaa (Alpha Phoenicis),0.438056,-42.305981,25.9740,232.76,-353.64,75.0,2.400,0.327,K0III...,1.083,19.083654,2.198282,-17.483284,0.00002323,0.00003218,-0.00008456,0.11468290295782503,-0.7383786688321162,0.000001128452322861111,-0.000001714495099,Alp,,Phe,1,2076,,64.44659847416881,,,
3172,3179,3712,168,,18Alp Cas,Shedar (Alpha Cassiopeiae),0.675116,56.537331,69.9790,50.36,-32.17,-4.0,2.240,-1.985,K0II-IIIvar,1.170,37.984817,6.784483,58.379619,0.00000374,0.00001802,-0.00000943,0.17674488133148336,0.9867625763100912,0.00000024415216952777776,-0.000000155964561,Alp,18,Cas,1,3172,,542.0008904016238,Alp,2.25,2.23
3413,3419,4128,188,Gl 31,16Bet Cet,Diphda (Beta Ceti),0.726490,-17.986605,29.5334,232.79,32.71,13.3,2.040,-0.312,K0III,1.019,27.583638,5.310463,-9.119792,0.00000782,0.00003545,0.00000025,0.19019464223046095,-0.31392547040265245,0.0000011285977669652777,0.000000158582554,Bet,16,Cet,1,3413,,116.09138701261821,,,
3759,3765,4628,222,Gl 33,,96 G. Psc,0.806382,5.280615,7.4549,758.04,-1141.22,-10.0,5.740,6.378,K2V,0.890,7.258368,1.555495,0.686093,-0.00001198,0.00002545,-0.00004201,0.21111031896421073,0.09216411608150625,0.000003675081624083333,-0.000005532790685,,,,1,3759,,0.24479356661960658,,,
3820,3829,,,Gl 35,,Van Maanen's Star,0.819416,5.388610,4.2626,1233.05,-2710.56,54.0,12.370,14.222,DG,0.554,4.146957,0.903519,0.400348,0.00005345,0.00003772,-0.00005057,0.21452251445702078,0.09404897880013376,0.000005977995088090278,-0.000013141165699,,,,1,3820,,0.00017831997722329162,,12.621,12.091
4417,4427,5394,264,,27Gam Cas,Cih (Gamma Cassiopeiae),0.945143,60.716740,168.3502,25.65,-3.82,-7.0,2.150,-3.981,B0IV:evar,-0.046,79.836717,20.168018,146.837047,-0.00000589,0.00002010,-0.00000777,0.2474379511037043,1.0597070289510324,0.0000001243547090625,-0.000000018519882,Gam,27,Cas,1,4417,,3407.218616593573,Gam,2.173,2.133
5436,5447,6860,337,Gl 53.3,43Bet And,Mirach (Beta Andromedae),1.162194,35.620558,60.5327,175.59,-112.23,-0.8,2.070,-1.840,M0IIIvar,1.576,46.946371,14.741814,35.255129,0.00000223,0.00005471,-0.00002725,0.30426179273798976,0.6216960120690613,0.0000008512843416875,-0.000000544106393,Bet,43,And,1,5436,,474.2419852602448,,,
6672,6686,8538,403,,37Del Cas,Ruchbah (Delta Cassiopeiae),1.430216,60.235283,30.4785,297.24,-49.49,7.0,2.660,0.240,A5Vv SB,0.160,14.082378,5.534130,26.457567,-0.00000685,0.00004450,0.00000258,0.37442958727661074,1.0513040155749624,0.0000014410601840833333,-0.00000023993429,Del,37,Cas,1,6672,,69.82324040771711,Del,2.666,2.656
7574,7588,10144,472,,Alp Eri,Achernar (Alfa Eridani),1.628556,-57.236757,42.7533,88.02,-40.08,16.0,0.450,-2.705,B3Vp,-0.158,21.065573,9.568417,-35.951967,-0.00000584,0.00001738,-0.00001826,0.42635506591376426,-0.9989698692415762,0.00000042673300162500003,-0.000000194313323,Alp,,Eri,1,7574,,1051.9618738232234,Alp,0.487,0.427
8884,8903,11636,553,Gl 80,6Bet Ari,Sheratan (Beta Arietis),1.910668,20.808035,17.9856,96.32,-108.80,-4.0,2.640,1.365,A5V...,0.165,14.752622,8.063457,6.389157,-0.00000443,0.00000715,-0.00001032,0.5002117420096996,0.363168721573765,0.0000004669725371111111,-0.000000527477284,Bet,6,Ari,1,8884,,24.774220576332848,,,
9618,9640,12533,603,,57Gam1And,Almaak (Gamma Andromedae),2.064984,42.329725,120.4819,43.08,-50.85,-12.0,2.100,-3.305,B8V,1.370,76.368059,45.840864,81.131974,-0.00000358,0.00002720,-0.00003022,0.5406116765051688,0.738793066882135,0.00000020885773358333334,-0.000000246527756,Gam-1,57,And,1,9618,,1828.1002161427427,,,
9861,9884,12929,617,Gl 84.3,13Alp Ari,Hamal (Alpha Arietis),2.119555,23.462423,20.1776,190.73,-145.77,-14.4,2.010,0.486,K2III,1.151,15.731986,9.751722,8.033610,-0.00001649,0.00001173,-0.00001894,0.554898130994913,0.4094965332621075,0.000000924685132923611,-0.000000706712902,Alp,13,Ari,1,9861,,55.6672798150948,,,
10800,10826,14386,681,,68Omi Cet,Mira (Omicron Ceti),2.322442,-2.977643,91.6590,10.33,-239.48,64.0,6.470,1.659,M5e-M9e,0.966,75.131148,52.288786,-4.761374,0.00004649,0.00003795,-0.00010967,0.6080139982109655,-0.051969667028267504,0.000000050081253201388894,-0.000001161031802,Omi,68,Cet,1,10800,,18.897310544316767,Omi,8.511,4.871
11734,11767,8890,424,,1Alp UMi,Polaris (Alpha Ursae Minoris),2.529750,89.264109,132.6260,44.22,-11.74,-17.0,1.970,-3.643,F7:Ib-IIv SB,0.636,1.343100,1.047629,132.614909,-0.00001171,0.00002692,-0.00001748,0.6622870748653336,1.5579526129751475,0.00000021438460954166665,-0.000000056917126,Alp,1,UMi,1,11734,,2495.743794831569,Alp,1.993,1.953
12082,12114,16160,753,Gl 105A,,268 G. Ceti,2.601357,6.886870,7.1803,1806.27,1442.50,26.0,5.790,6.509,K3V,0.918,5.538462,4.488223,0.861013,-0.00002374,0.00006168,0.00005304,0.681033735135593,0.1201985615767425,0.000008757044067770833,0.000006993437342,,,,1,12082,Gl 105,0.21697015538008513,,,
13813,13847,18622,897,,The1Eri,Acamar (Theta Eridani),2.971023,-40.304672,49.4315,-53.53,25.71,12.0,2.880,-0.590,A4III+...,0.128,26.857490,26.453029,-31.974932,0.00001851,0.00000023,-0.00000324,0.777812118193322,-0.7034492363510262,-0.0000002595207632013889,0.000000124645597,The-1,,Eri,1,13813,,149.96848355023724,,,
14100,14135,18884,911,,92Alp Cet,Menkar (Alpha Ceti),3.037992,4.089734,76.3942,-11.81,-78.76,-26.0,2.540,-1.875,M2III,1.630,53.342561,54.414384,5.448321,-0.00001399,-0.00002052,-0.00003099,0.7953445140056629,0.0713793229065275,-0.00000005725649567361112,-0.000000381839254,Alp,92,Cet,1,14100,,489.77881936844614,Alp,2.561,2.521
14540,14576,19356,936,,26Bet Per,Algol (Beta Persei),3.136148,40.955648,27.5710,2.39,-1.44,4.0,2.090,-0.112,B8V,-0.003,14.189428,15.238793,18.072114,0.00000196,0.00000257,0.00000254,0.821041501386661,0.7148108979134763,0.000000011587046965277778,-0.000000006981317,Bet,26,Per,1,14540,,96.56060985415496,Bet,2.213,2.073
15471,15510,20794,1008,Gl 139,,82 G. Eridani,3.331944,-43.069784,6.0434,3038.08,726.34,86.7,4.260,5.354,G8V,0.711,2.839238,3.381499,-4.127499,-0.00001715,0.00011797,-0.00004501,0.8723007989903294,-0.7517095357877388,0.000014729027466222223,0.000003521395687,,,,1,15471,,0.6286370884130494,,,
15824,15863,20902,1017,,33Alp Per,Mirphak (Alpha Persei),3.405378,49.861180,155.2795,24.11,-26.01,-2.0,1.790,-4.166,F5Ib,0.481,62.885098,77.880689,118.708804,-0.00000555,0.00002202,-0.00001419,0.8915260037750609,0.8702417516246674,0.00000011688857838194444,-0.000000126100038,Alp,33,Per,1,15824,,4040.173353730007,,,
17661,17702,23630,1165,,25Eta Tau,Alcyone (Eta Tauri),3.791410,24.105137,123.6094,19.35,-43.11,10.0,2.850,-2.610,B7III,-0.086,61.664507,94.489136,50.483636,0.00000116,0.00002299,-0.00001940,0.9925887748501628,0.42071400922220126,0.00000009381144718750002,-0.000000209003177,Eta,25,Tau,1,17661,,963.8290236239706,,,
18497,18543,25025,1231,,34Gam Eri,Zaurak (Gamma Eridani),3.967157,-13.508515,62.3441,60.51,-111.34,62.0,2.970,-1.004,M1IIIb Ca-1,1.588,30.760217,52.235828,-14.563080,0.00001154,0.00005563,-0.00004753,1.0385992839066334,-0.23576806917607127,0.00000029336075810416665,-0.000000539791551,Gam,34,Eri,1,18497,,219.5836500973188,Gam,3,2.95
21368,21421,29139,1457,Gl 171.1A,87Alp Tau,Aldebaran (Alpha Tauri),4.598677,16.509301,20.4332,62.78,-189.36,54.5,0.870,-0.682,K5III,1.538,7.027220,18.287604,5.806661,0.00001528,0.00005709,-0.00000214,1.2039308112027507,0.2881416661221312,0.0000003043660286527778,-0.000000918043185,Alp,87,Tau,1,21368,Gl 171.1,163.23000728189953,Alp,0.888,0.858
22961,23015,31398,1577,,3Iot Aur,Hassaleh (Iota Aurigae),4.949894,33.166090,151.2859,3.63,-18.54,18.0,2.690,-3.209,K3IIvar,1.490,34.378539,121.884168,82.763748,0.00000364,0.00002271,-0.00000131,1.2958792109889454,0.57885747451101,0.000000017598736604166667,-0.000000089884456,Iot,3,Aur,1,22961,,1673.4009068393123,,,
23820,23875,33111,1666,Wo 9175,67Bet Eri,Cursa (Beta Eridani),5.130829,-5.086446,27.3973,-83.39,-75.44,-9.2,2.780,0.591,A3IIIvar,0.161,6.156194,26.585876,-2.429001,0.00000848,-0.00001249,-0.00000915,1.3432479534963782,-0.0887752322551,-0.00000040428612821527783,-0.00000036574344,Bet,67,Eri,1,23820,,50.53589947531675,,,
24129,24186,33793,,Gl 191,,Kapteyn's Star,5.194169,-45.018417,3.9114,6506.05,-5731.39,245.5,8.860,10.898,M0V,1.543,0.578997,2.705174,-2.768220,-0.00009951,0.00012430,-0.00025439,1.359830239429058,-0.7857196034245437,0.000031542220463784724,-0.000027786562805,,,Pic,1,24129,,0.0038089037649813515,VZ,9.148,8.828
24378,24436,34085,1713,,19Bet Ori,Rigel (Beta Orionis),5.242298,-8.201640,264.5503,1.87,-0.56,21.0,0.180,-6.933,B8Ia,-0.030,51.601106,256.709905,-37.740051,0.00000182,0.00002121,-0.00000377,1.3724303693276385,-0.143145630755865,0.00000000906601582638889,-0.000000002714956,Bet,19,Ori,1,24378,,51665.42425669497,,,
24549,24608,34029,1708,Gl 194A,13Alp Aur,Capella (Alpha Aurigae),5.278150,45.997991,13.1234,75.52,-427.13,22.2,0.080,-0.510,M1: comp,0.795,1.712633,8.954439,9.440007,0.00000192,0.00003559,-0.00000254,1.381816412648801,0.8028163926341112,0.00000036613129155555555,-0.000002070784673,Alp,13,Aur,1,24549,Gl 194,139.3156802945302,,,
25273,25336,35468,1790,,24Gam Ori,Bellatrix (Gamma Orionis),5.418851,6.349702,77.3994,-8.75,-13.28,18.0,1.640,-2.804,B2III,-0.224,11.658576,76.036136,8.560120,0.00000610,0.00001813,-0.00000292,1.418651833814526,0.11082320964651,-0.000000042421197048611115,-0.000000064383256,Gam,24,Ori,1,25273,,1152.3913771994878,,,
25364,25428,35497,1791,,112Bet Tau,Alnath (Beta Tauri),5.438198,28.607450,41.0509,23.28,-174.22,9.0,1.650,-1.417,B7III,-0.130,5.281578,35.650400,19.655456,-0.00000097,0.00002509,-0.00002603,1.4237168085654672,0.4992941923790525,0.00000011286462483333334,-0.000000844642394,Bet,112,Tau,1,25364,,321.21809339879854,,,
25542,25606,36079,1829,,9Bet Lep,Nihal (Beta Leporis),5.470756,-20.759441,49.1642,-5.03,-85.92,-14.0,2.810,-0.648,G5II,0.807,6.349344,45.531613,-17.425966,-0.00000166,-0.00002061,-0.00001407,1.4322406986213787,-0.3623205948292475,-0.000000024386128131944448,-0.000000416551914,Bet,9,Lep,1,25542,,158.1976398601154,,,
25865,25930,36486,1852,,34Del Ori,Mintaka (Delta Orionis),5.533445,-0.299092,212.3142,1.67,0.56,16.0,2.250,-4.385,O9.5II,-0.175,25.868117,210.729667,-1.108306,0.00000029,0.00001645,0.00000049,1.4486524168433992,-0.005220140244135,0.000000008096388465277777,0.000000002714956,Del,34,Ori,1,25865,,4943.106869868354,Del,2.334,2.234
25920,25985,36673,1865,,11Alp Lep,Arneb (Alpha Leporis),5.545504,-17.822289,680.2721,3.27,1.54,24.0,2.580,-6.583,F0Ib,0.211,76.877195,643.047236,-208.208000,-0.00000775,0.00002603,-0.00000268,1.4518096517173142,-0.3110576146713625,0.000000015853407354166667,0.00000000746613,Alp,11,Lep,1,25920,,37428.29122408052,,,
26176,26241,37043,1899,,44Iot Ori,Hatsya (Iota Orionis),5.590551,-5.909901,714.2857,2.27,-0.62,22.0,2.750,-6.519,O9III,-0.210,76.014147,706.411475,-73.546040,-0.00000544,0.00002287,-0.00000445,1.4636027422961173,-0.10314723630113501,0.00000001100527054861111,-0.000000003005844,Iot,44,Ori,1,26176,,35285.8025828527,,,
26246,26311,37128,1903,,46Eps Ori,Alnilam (Epsilon Orionis),5.603559,-1.201920,606.0606,1.49,-1.06,26.0,1.690,-7.223,B0Ia,-0.184,62.775122,602.666910,-12.712683,-0.00000161,0.00002683,-0.00000367,1.4670083872075836,-0.02097745796646875,0.000000007223723840277778,-0.000000005139025,Eps,46,Ori,1,26246,,67483.87308707573,Eps,1.717,1.667
26569,26634,37795,1956,,Alp Col,Phakt (Alpha Columbae),5.660817,-34.074108,80.1282,-0.10,-24.05,35.0,2.650,-1.869,B7IV,-0.120,5.885917,66.110037,-44.893180,0.00000220,0.00002432,-0.00002779,1.4819983267578802,-0.5947053712297875,-0.0000000004848136805555554,-0.00000011659769,Alp,,Col,1,26569,,487.07966649253666,,,
26662,26727,37742,1948,,50Zet Ori,Alnitak (Zeta Orionis),5.679313,-1.942572,225.7336,3.99,2.54,18.0,1.740,-5.028,O9.5Ib SB,-0.199,18.918488,224.809409,-7.651875,-0.00000280,0.00001879,0.00000215,1.4868406872605762,-0.03390428125016375,0.000000019344065854166667,0.000000012314267,Zet,50,Ori,1,26662,,8937.169608501978,,,
27298,27366,38771,2004,,53Kap Ori,Saiph (Kappa Orionis),5.795941,-9.669605,198.4127,1.55,-1.20,21.0,2.070,-4.418,B0.5Iavar,-0.168,10.444137,195.314937,-33.326707,-0.00000037,0.00002103,-0.00000475,1.5173738927528553,-0.168766439905435,0.000000007514612048611112,-0.000000005817764,Kap,53,Ori,1,27298,,5095.654806081146,,,
27919,27989,39801,2061,,58Alp Ori,Betelgeuse (Alpha Orionis),5.919529,7.407063,152.6718,27.33,10.86,21.0,0.450,-5.469,M2Ib,1.500,3.189296,151.364387,19.682142,-0.00001980,0.00002068,0.00001074,1.5497291183713153,0.12927763169419373,0.0000001324995788958333,0.000000052650765,Alp,58,Ori,1,27919,,13415.28798266127,Alp,0.571,0.281
28288,28360,40183,2088,NN 3375,34Bet Aur,Menkalinan (Beta Aurigae),5.992149,44.947433,24.8694,-56.41,-0.88,-19.4,1.900,-0.078,A2V,0.077,0.036195,17.601288,17.569058,0.00000677,-0.00001398,-0.00001409,1.5687409450202745,0.78448069066935,-0.00000027348339720138883,-0.00000000426636,Bet,34,Aur,1,28288,,93.58365435835302,Bet,1.967,1.897
30016,30089,44179,,,,Red Rectangle,6.332838,-10.637414,440.5286,-10.98,-21.10,0.0,8.850,0.630,B8,0.344,-37.678828,431.315480,-81.318571,0.00002408,-0.00000625,-0.00004429,1.6579330572152564,-0.18565790108725252,-0.000000053232542125,-0.000000102295686,,,Mon,1,30016,,48.75284901033863,V777,8.897,8.767
30251,30324,44743,2294,,2Bet CMa,Mirzam (Beta Canis Majoris),6.378329,-17.955918,151.0574,-3.45,-0.47,34.0,1.980,-3.916,B1II/III,-0.240,-14.209731,142.995999,-46.568852,-0.00000075,0.00003306,-0.00001105,1.6698426956468702,-0.31338988393796,-0.00000001672607197916667,-0.000000002278624,Bet,2,CMa,1,30251,,3209.223768048436,Bet,1.999,1.969
30365,30438,45348,2326,,Alp Car,Canopus (Alpha Carinae),6.399195,-52.695660,94.7867,19.99,23.67,21.0,-0.620,-5.504,F0Ib,0.164,-5.992679,57.132034,-75.396105,-0.00001140,0.00002059,-0.00001049,1.6753053519997292,-0.9197127748902675,0.00000009691425474305554,0.000000114755398,Alp,,Car,1,30365,,13854.791675667215,,-0.547,-0.667
31601,31681,47105,2421,,24Gam Gem,Alhena (Gamma Geminorum),6.628528,16.399252,33.5121,-2.04,-66.92,-13.0,1.930,-0.696,A0IV,0.001,-5.266162,31.714389,9.461403,0.00000191,-0.00000950,-0.00001418,1.735344593460758,0.28622094417349375,-0.000000009890199083333335,-0.000000324437315,Gam,24,Gem,1,31601,,165.34840121711517,,,
32263,32349,48915,2491,Gl 244A,9Alp CMa,Sirius (Alpha Canis Majoris),6.752481,-16.716116,2.6371,-546.01,-1223.08,-9.4,-1.440,1.454,A0m...,0.009,-0.494323,2.476731,-0.758485,0.00000953,-0.00001207,-0.00001221,1.7677953696021995,-0.291751258517685,-0.000002647131177201389,-0.000005929659164,Alp,9,CMa,1,32263,Gl 244,22.824433121735034,,-1.333,-1.523
33492,33579,52089,2618,,21Eps CMa,Adhara (Epsilon Canis Majoris),6.977097,-28.972084,124.2236,2.63,2.29,27.0,1.500,-3.971,B2II,-0.211,-27.497987,105.141608,-60.171969,-0.00000781,0.00002362,-0.00001217,1.8265996485677483,-0.5056582518554612,0.00000001275059979861111,0.000000011102233,Eps,21,CMa,1,33492,,3375.981048554255,,,
34354,34444,54605,2693,,25Del CMa,Wezen (Delta Canis Majoris),7.139857,-26.393200,492.6108,-2.75,3.33,34.0,1.830,-6.633,F8Ia,0.671,-129.733458,421.761488,-218.979855,-0.00000392,0.00003508,-0.00000833,1.869210132341708,-0.46064823373741876,-0.000000013332376215277777,0.000000016144295,Del,25,CMa,1,34354,,39192.232245497704,,,
35806,35904,58350,2827,,31Eta CMa,Aludra (Eta Canis Majoris),7.401584,-29.303104,609.7561,-3.76,6.66,41.0,2.450,-6.476,B5Ia,-0.083,-190.762166,496.337122,-298.432917,-0.00000620,0.00004711,-0.00000336,1.9377301884962992,-0.5114356374748288,-0.00000001822899438888889,0.000000032288591,Eta,31,CMa,1,35806,,33915.6386905822,Eta,2.509,2.409
36087,36188,58715,2845,,3Bet CMi,Gomeisa (Beta Canis Minoris),7.452512,8.289315,49.5786,-50.28,-38.45,22.0,2.890,-0.586,B8Vvar,-0.097,-18.209817,45.556204,7.147858,0.00000246,0.00002640,-0.00000590,1.9510630590622124,0.144675846904975,-0.00000024376431858333333,-0.00000018641086,Bet,3,CMi,1,36087,,149.41699574067007,Bet,2.896,2.876
36107,36208,,,Gl 273,,Luyten's Star,7.456805,5.225785,3.8026,571.27,-3694.25,18.2,9.840,11.940,M5,1.573,-1.409549,3.514856,0.346358,-0.00001899,0.00001905,-0.00006612,1.952186961957238,0.09120715749281125,0.000002769595112909722,-0.000017910229393,,,,1,36107,,0.0014588142602753474,,,
36744,36850,60179,2891,Gl 278A,66Alp Gem,Castor (Alpha Geminorum),7.576634,31.888276,15.5958,-206.33,-148.18,6.0,1.580,0.615,A2Vm,0.034,-5.311938,12.130011,8.238737,0.00000983,0.00001645,-0.00000627,1.983558270234413,0.5565554130270287,-0.0000010003160670902778,-0.000000718396911,Alp,66,Gem,1,36744,Gl 278,49.43106869868354,,,
37173,37279,61421,2943,Gl 280A,10Alp CMi,Procyon (Alpha Canis Minoris),7.655033,5.224993,3.5142,-716.57,-1034.58,-4.0,0.400,2.671,F5IV-V,0.432,-1.469312,3.176170,0.320024,0.00001212,0.00000289,-0.00001792,2.004083041242831,0.09119333187796,-0.0000034740293907569444,-0.000005015785376,Alp,10,CMi,1,37173,Gl 280,7.4404636619191935,,,
37718,37826,62509,2990,Gl 286,78Bet Gem,Pollux (Beta Geminorum),7.755277,28.026199,10.3584,-625.69,-45.95,3.6,1.160,1.084,K0IIIvar,0.991,-4.055465,8.195180,4.867171,0.00002624,0.00001782,-0.00000031,2.0303268874812184,0.4891494417459975,-0.0000030334307178680563,-0.000000222771886,Bet,78,Gem,1,37718,,32.09223768048434,,,
39318,39429,66811,3165,,Zet Pup,Naos (Zeta Puppis),8.059737,-40.003148,332.2259,-30.82,16.77,-24.0,2.210,-5.397,O5IAf,-0.269,-130.674899,218.376203,-213.564535,0.00004333,0.00002425,0.00003647,2.110034132578707,-0.6981866375965275,-0.00000014941957634722223,0.000000081303254,Zet,,Pup,1,39318,,12554.51673687138,Zet,2.224,2.194
40921,41037,71129,3307,,Eps Car,Avior (Epsilon Carinae),8.375236,-59.509483,185.5288,-25.34,22.72,2.0,1.860,-4.482,K3III+B2V,1.196,-54.837080,76.515238,-159.872623,0.00000766,0.00002843,0.00000861,2.192631676046867,-1.038636414190405,-0.00000012285178665277778,0.000000110149668,Eps,,Car,1,40921,,5405.053537086696,,,
45106,45238,80007,3685,,Bet Car,Miaplacidus (Beta Carinae),9.220041,-69.717208,34.6981,-157.66,108.91,-5.0,1.670,-1.032,A2IV,0.070,-8.980712,8.001552,-32.546536,0.00000613,0.00003005,0.00001115,2.413801172874073,-1.2167948189074338,-0.0000007643572487638889,0.000000528010579,Bet,,Car,1,45106,,225.32013356294826,,,
45425,45556,80404,3699,,Iot Car,Tureis (Iota Carinae),9.284838,-59.275229,234.7418,-19.03,13.11,13.0,2.210,-4.643,A8Ib,0.189,-90.887872,78.251756,-201.791538,-0.00000074,0.00002921,-0.00000381,2.43076493672462,-1.0345479138581113,-0.00000009226004340972223,0.000000063559073,Iot,,Car,1,45425,,6269.024974761646,,,
46259,46390,81797,3748,,30Alp Hya,Alphard (Alpha Hydrae),9.459790,-8.658603,55.2792,-14.49,33.25,-4.0,1.990,-1.723,K3III,1.440,-43.003468,33.722848,-8.322089,0.00000452,0.00000139,0.00000942,2.4765671803168545,-0.151121122495205,-0.0000000702495023125,0.000000161200548,Alp,30,Hya,1,46259,,425.7944535825967,,,
47772,47908,84441,3873,,17Eps Leo,Ras Elased Australis (Epsilon Leonis),9.764188,23.774255,75.6430,-46.09,-9.57,4.0,2.970,-1.424,G0II,0.808,-57.700126,38.244772,30.494289,0.00000504,0.00001694,-0.00000156,2.556258343807028,0.41493902002914623,-0.00000022345062536805559,-0.000000046396669,Eps,17,Leo,1,47772,,323.2957533680941,,,
49528,49669,87901,3982,,32Alp Leo,Regulus (Alpha Leonis),10.139532,11.967207,24.3132,-249.40,4.91,6.0,1.360,-0.569,B7V,-0.087,-21.018857,11.132218,5.041397,0.00000856,0.00002873,0.00000184,2.654523172153456,0.20886716528807125,-0.0000012091253193055555,0.000000023804351,Alp,32,Leo,1,49528,,147.09570767969763,,,
50440,50583,89484,4057,,41Gam1Leo,Algieba (Gamma Leonis),10.332873,19.841489,39.8883,310.77,-152.88,-37.0,2.010,-0.994,K0III,1.128,-34.002797,15.860719,13.538740,-0.00000224,-0.00006526,-0.00004065,2.7051398372354067,0.34629930564740247,0.0000015066554750624999,-0.000000741183154,Gam-1,41,Leo,1,50440,,217.57049509257934,,,
53754,53910,95418,4295,Wo 9343,48Bet UMa,Merak (Beta Ursae Majoris),11.030677,56.382427,24.4499,81.66,33.74,-12.0,2.340,0.399,A1V,0.033,-13.103033,3.398358,20.360601,0.00000737,-0.00001191,-0.00000801,2.887824569114951,0.9840589862911813,0.00000039589885154166667,0.000000163576135,Bet,48,UMa,1,53754,,60.311481961781745,,,
53879,54035,95735,,Gl 411,,Lalande 21185,11.055632,35.969877,2.5469,-580.20,-4767.09,-84.3,7.490,10.460,M2V,1.502,-1.998000,0.504305,1.495504,0.00003587,-0.00000166,-0.00009828,2.8943575772214722,0.627792793335765,-0.0000028128889745833336,-0.000023111504484,,,,1,53879,,0.0057016427228074665,,,
53905,54061,95689,4301,,50Alp UMa,Dubhe (Alpha Ursae Majoris),11.062155,61.751033,37.6790,-136.46,-35.25,-9.0,1.810,-1.070,F7V comp,1.061,-17.298705,4.334880,33.191332,0.00000478,0.00002450,-0.00001116,2.896065350203451,1.0777588446528075,-0.0000006615767484861111,-0.000000170896822,Alp,50,UMa,1,53905,,233.3458062281002,,,
54712,54872,97603,4357,Gl 419,68Del Leo,Zosma (Delta Leonis),11.235138,20.523717,17.9147,143.31,-130.43,-20.2,2.560,1.294,A4V,0.128,-16.442201,3.337108,6.280742,0.00001259,-0.00001526,-0.00001785,2.941352165381749,0.3582064320032738,0.0000006947864856041666,-0.000000632342483,Del,68,Leo,1,54712,,26.448436268543603,,,
57459,57632,102647,4534,Gl 448,94Bet Leo,Denebola (Beta Leonis),11.817663,14.572060,10.9999,-499.02,-113.78,-0.2,2.140,1.933,A3Vvar,0.090,-10.633926,0.508011,2.767546,-0.00000006,0.00002664,-0.00000592,3.093856965974249,0.2543304303162062,-0.000002419317228708333,-0.000000551621005,Bet,94,Leo,1,57459,,14.682499678319866,,,
57767,57939,103095,4550,Gl 451A,,Groombridge 1830,11.882820,37.718679,9.0917,4003.69,-5813.00,-99.1,6.420,6.627,G8Vp,0.754,-7.187679,0.220247,5.561623,-0.00008204,-0.00017401,-0.00026465,3.1109149833224112,0.6583151445815625,0.00001941043684703472,-0.00002818221925,,,UMa,1,57767,Gl 451,0.194625615936124,CF,6.546,6.406
57828,58001,103287,4554,,64Gam UMa,Phad (Gamma Ursae Majoris),11.897168,53.694760,25.5037,107.76,11.16,-13.0,2.410,0.377,A0V SB,0.044,-15.094867,0.406425,20.552678,0.00000862,-0.00001356,-0.00000990,3.1146712453081937,0.9371503534205525,0.0000005224352221666667,0.000000054105206,Gam,64,UMa,1,57828,,61.54602373713163,,,
59592,59774,106591,4660,Gl 459,69Del UMa,Megrez (Delta Ursae Majoris),12.257086,57.032617,24.6853,103.56,7.81,-13.4,3.320,1.358,A3Vvar,0.077,-13.402309,-0.903455,20.710384,0.00000906,-0.00001181,-0.00001099,3.208897599139166,0.995406944309545,0.0000005020730475833334,0.000000037863948,Del,69,UMa,1,59592,,24.9344618809783,,,
59621,59803,106625,4662,,4Gam Crv,Gienah Ghurab (Gamma Corvi),12.263437,-17.541929,47.1032,-159.58,22.31,-4.0,2.580,-0.785,B8III,-0.107,-44.805937,-3.095058,-14.197066,-0.00000015,0.00003652,0.00000609,3.2105604074253753,-0.306164425583095,-0.0000007736656714305555,0.000000108161932,Gam,4,Crv,1,59621,,179.47336268325265,,,
60530,60718,108248,4730,,Alp1Cru,Acrux (Alpha Crucis),12.443311,-63.099092,98.7167,-35.37,-14.73,-11.0,0.770,-4.202,B0.5IV,-0.243,-44.363755,-5.171957,-88.034513,0.00000934,0.00001813,0.00000684,3.2576512815622607,-1.1012869028642311,-0.0000001714785988125,-0.000000071413055,Alp-1,,Cru,1,60530,,4176.379929509739,,,
60731,60936,,,,,3C 273,12.485193,2.052398,100000.0000,-11.01,4.38,0.0,12.880,-7.120,,0.120,-99130.706060,-12660.058622,3581.344963,-0.00060072,0.00530397,0.00212194,3.2686158159426206,0.035821109804841246,-0.00000005337798622916666,0.000000021234839,,,,1,60731,,61376.20051647933,,13.034,12.694
60776,60965,108767,4757,,7Del Crv,Algorab (Delta Corvi),12.497739,-16.515432,26.6312,-209.97,-139.30,9.0,2.940,0.813,B9.5V,-0.012,-25.316094,-3.317674,-7.570570,-0.00000720,0.00002639,-0.00001986,3.2719004348212555,-0.28824867427274875,-0.0000010179632850625,-0.000000675345457,Del,7,Crv,1,60776,,41.19077848677376,,,
60893,61084,108903,4763,,Gam Cru,Gacrux (Gamma Crucis),12.519429,-57.113212,27.1518,27.94,-264.33,21.0,1.590,-0.579,M4III,1.600,-14.606901,-1.998688,-22.800748,0.00001789,-0.00000126,-0.00003693,3.277578929248245,-0.9968135891950087,0.00000013545694234722223,-0.000001281508001,Gam,,Cru,1,60893,,148.45676750522713,,,
61166,61359,109379,4786,,9Bet Crv,Kraz (Beta Corvi),12.573121,-23.396759,44.6628,0.86,-56.00,-8.0,2.650,-0.600,G5II,0.893,-40.529889,-6.127261,-17.735390,0.00001221,0.00000166,-0.00000788,3.2916353004822296,-0.40835048058703377,0.000000004169397652777778,-0.000000271495661,Bet,9,Crv,1,61166,,151.3561248436207,,,
61748,61941,110379,4825,Gl 482A,29Gam Vir,Porrima (Gamma Virginis),12.694345,-1.449375,11.6850,-616.66,60.66,-19.9,2.740,2.402,F0V+...,0.368,-11.488622,-2.111702,-0.295552,0.00001361,0.00003802,0.00000395,3.3233717735446278,-0.0252963627301925,-0.0000029896520425138888,0.000000294087978,Gam,29,Vir,1,61748,Gl 482,9.532350439205146,,,
62239,62434,111123,4853,,Bet Cru,Becrux (Beta Crucis),12.795359,-59.688764,85.3971,-48.24,-12.82,16.0,1.250,-3.407,B0.5III,-0.238,-42.168771,-8.909619,-73.723149,-0.00000773,0.00001878,-0.00001681,3.349817026601454,-1.0417654498397388,-0.00000023387411950000003,-0.000000062153113,Bet,,Cru,1,62239,,2008.1678041839857,Bet,1.267,1.237
62757,62956,112185,4905,,77Eps UMa,Alioth (Epsilon Ursae Majoris),12.900472,55.959821,25.3100,111.74,-8.99,-9.0,1.760,-0.256,A0p,-0.022,-13.775959,-3.309169,20.972944,0.00000732,-0.00001234,-0.00000824,3.377335590144558,0.9766831266334463,0.0000005417308066527778,-0.000000043584749,Eps,77,UMa,1,62757,,110.25543321022239,Eps,1.776,1.746
62925,63125,112413,4915,,12Alp2CVn,Cor Caroli (Alfa Canum Venaticorum),12.933807,38.318380,35.1989,-233.43,54.98,-3.0,2.890,0.157,A0spe...,-0.115,-26.795114,-6.684223,21.824384,-0.00000166,0.00004064,0.00000546,3.386062717619973,0.6687818903174088,-0.0000011317005745208332,0.000000266550561,Alp-2,12,CVn,1,62925,,75.37025766884257,Alp-2,2.943,2.863
63405,63608,113226,4932,,47Eps Vir,Vindemiatrix (Epsilon Virginis),13.036278,10.959150,33.6022,-275.05,19.96,-14.0,2.850,0.218,G8IIIvar,0.934,-31.782664,-8.840495,6.388060,0.00000213,0.00004710,0.00000047,3.4128895430497517,0.1912732567270875,-0.0000013334800283680557,0.00000009676881,Eps,47,Vir,1,63405,,71.25248247522671,,,
65173,65378,116656,5054,NN 3783A,79Zet UMa,Mizar (Zeta Ursae Majoris),13.398747,54.925362,26.3089,121.23,-22.01,-5.6,2.230,0.129,A2V,0.057,-14.115808,-5.413302,21.531272,0.00000646,-0.00001408,-0.00000630,3.507783854721718,0.9586284043094538,0.0000005877396249374999,-0.000000106707491,Zet,79,UMa,1,65173,NN 3783,77.33925780489973,,2.336,2.196
65269,65474,116658,5056,,67Alp Vir,Spica (Alpha Virginis),13.419883,-11.161322,76.5697,-42.50,-31.73,1.0,0.980,-3.440,B1V,-0.235,-69.990853,-27.285826,-14.821760,-0.00000454,0.00001516,-0.00001175,3.5133172180991257,-0.194801818024575,-0.00000020604581423611113,-0.00000015383138,Alp,67,Vir,1,65269,,2070.1413487910413,Alp,1.001,0.961
65272,65477,116842,5062,NN 3785,80    UMa,Alcor (80 Ursae Majoris),13.420413,54.987958,25.0564,120.35,-16.94,-8.9,3.990,1.995,A5V SB,0.169,-13.393436,-5.223608,20.521915,0.00000861,-0.00001233,-0.00000864,3.5134558303910652,0.9597209083849262,0.0000005834732645486111,-0.000000082127437,,80,UMa,1,65272,,13.867558288718882,,,
67088,67301,120315,5191,,85Eta UMa,Alkaid (Eta Ursae Majoris),13.792354,49.313265,31.8674,-121.23,-15.56,-11.0,1.850,-0.667,B3V SB,-0.099,-18.529548,-9.394541,24.164506,-0.00000355,0.00001920,-0.00001010,3.6108299012782816,0.8606788389261799,-0.0000005877396249374999,-0.000000075437008,Eta,85,UMa,1,67088,,160.99040762157054,,,
67711,67927,121370,5235,Gl 534,8Eta Boo,Mufrid (Eta Bootis),13.911411,18.397717,11.3960,-60.95,-358.10,1.0,2.680,2.396,G0IV,0.580,-9.487671,-5.188142,3.596709,-0.00000795,-0.00000051,-0.00001845,3.64199895242804,0.3211007359693375,-0.00000029549393829861114,-0.00000173611779,Eta,8,Boo,1,67711,,9.585173976856456,,,
68483,68702,122451,5267,,Bet Cen,Hadar (Beta Centauri),14.063729,-60.373039,120.1923,-33.96,-25.06,6.0,0.610,-4.789,B1III,-0.231,-50.954051,-30.562870,-104.478695,-0.00000189,0.00002194,-0.00001255,3.681875660376148,-1.053708314075195,-0.0000001646427259166667,-0.000000121494308,Bet,,Cen,1,68483,,7171.33482657721,Bet,0.634,0.594
68537,68756,123299,5291,,11Alp Dra,Thuban (Alpha Draconis),14.073165,64.375850,92.9368,-56.52,17.19,-13.0,3.670,-1.171,A0III SB,-0.049,-34.416017,-20.758849,83.796391,-0.00000225,0.00002838,-0.00000864,3.6843459063539425,1.1235705482203713,-0.00000027401669224999995,0.000000083339471,Alp,11,Dra,1,68537,,256.09435171567696,,,
68714,68933,123139,5288,Gl 539,5The Cen,Menkent (Theta Centauri),14.111395,-36.369954,18.0343,-519.29,-517.87,1.3,2.060,0.780,K0IIIb,1.011,-12.358808,-7.624204,-10.694288,-0.00000190,0.00005217,-0.00003724,3.6943545480965847,-0.6347754526653112,-0.000002517588961756944,-0.000002510704607,The,5,Cen,1,68714,,42.46195639463128,,,
69451,69673,124897,5340,Gl 541,16Alp Boo,Arcturus (Alpha Bootis),14.261030,19.182410,11.2575,-1093.45,-1999.40,-5.0,-0.050,-0.307,K2IIIp,1.239,-8.823448,-5.932531,3.698938,-0.00005905,0.00003220,-0.00010473,3.7335290285420872,0.33479621805862125,-0.000005301195190034722,-0.000009693364729,Alp,16,Boo,1,69451,,115.55799554021293,,,
70666,70890,,,Gl 551,,Proxima Centauri,14.495985,-62.679485,1.2959,-3775.64,768.16,-16.0,11.010,15.447,M5Ve,1.807,-0.472264,-0.361451,-1.151219,-0.00001186,0.00002079,0.00001675,3.7950399168315756,-1.09396338473328,-0.000018304819248527778,0.000003724144768,,,Cen,1,70666,,0.00005770321353329293,V645,11.079,10.939
71456,71683,128620,5459,Gl 559A,Alp1Cen,Rigil Kentaurus (Alpha Centauri),14.660765,-60.833976,1.3248,-3678.19,481.84,-26.2,-0.010,4.379,G2V,0.710,-0.495203,-0.414084,-1.156625,-0.00000722,0.00002476,0.00002491,3.838179211777228,-1.0617531757704175,-0.00001783236831682639,0.000002336026238,Alp-1,,Cen,1,71456,Gl 559,1.543121065657792,,0.113,-0.087
71879,72105,129988,5505,,36Eps Boo,Izar (Epsilon Bootis),14.749784,27.074222,62.1118,-50.65,20.00,-23.0,2.350,-1.616,A0,0.966,-41.582771,-36.462926,28.269741,0.00000775,0.00002708,-0.00000534,3.8614843383663695,0.47253432342394,-0.0000002455581292013889,0.000000096962736,Eps,36,Boo,1,71879,,385.83355990535125,,,
72380,72607,131873,5563,,7Bet UMi,Kochab (Beta Ursae Minoris),14.845105,74.155505,40.1445,-32.29,11.91,17.0,2.070,-0.948,K4IIIvar,1.465,-8.058164,-7.429707,38.619407,-0.00000611,0.00000291,0.00001736,3.8864392902195473,1.2942577172364538,-0.0000001565463374513889,0.000000057741309,Bet,7,UMi,1,72380,,208.54510476931685,,,
72396,72622,130841,5531,Gl 564.1,9Alp2Lib,Zubenelgenubi (Alpha Librae),14.847977,-16.041778,23.2396,-105.69,-69.00,-46.7,2.750,0.919,A3IV,0.147,-16.408581,-15.151818,-6.421874,0.00002722,0.00004135,0.00000573,3.887191169503684,-0.27998184606259124,-0.0000005123995789791666,-0.000000334521439,Alp-2,9,Lib,1,72396,,37.35940922587999,,,
74556,74785,135742,5685,,27Bet Lib,Zubeneschemali (Beta Librae),15.283449,-9.382917,56.7537,-96.39,-20.76,-35.0,2.610,-1.160,B8V,-0.071,-36.549398,-42.420251,-9.252607,0.00000357,0.00004477,0.00000020,4.001197527020817,-0.16376280166405,-0.0000004673119066875,-0.00000010064732,Bet,27,Lib,1,74556,,253.51286304979072,,,
76035,76267,139006,5793,,5Alp CrB,Alphekka (Alpha Coronae Borealis),15.578128,26.714693,23.0097,120.38,-89.44,2.0,2.220,0.410,A0V,0.032,-12.176093,-16.558746,10.343974,0.00000708,-0.00001304,-0.00000799,4.0783442886637005,0.46625935084814374,0.0000005836187086527777,-0.000000433617355,Alp,5,CrB,1,76035,,59.70352865838366,Alp,2.289,2.209
76835,77070,140573,5854,Gl 596.2,24Alp Ser,Unukalhai (Alpha Serpentis),15.737798,6.425627,22.6757,134.66,44.14,2.7,2.630,0.852,K2III,1.167,-12.578600,-18.695648,2.537718,0.00001105,-0.00001009,0.00000513,4.120145986438394,0.11214834647163249,0.0000006528501022361111,0.000000213996758,Alp,24,Ser,1,76835,,39.73745050614631,,,
78165,78401,143275,5953,,7Del Sco,Dschubba (Delta Scorpii),16.005557,-22.621710,150.6024,-8.67,-36.90,-7.0,2.290,-3.599,B0.2IV,-0.117,-69.332609,-120.492107,-57.928452,0.00000298,0.00001787,-0.00002211,4.190245125208222,-0.39482331934217,-0.00000004203334610416667,-0.000000178896248,Del,7,Sco,1,78165,,2396.624529408638,Del,2.299,2.279
78580,78820,144217,5984,,8Bet1Sco,Graffias (Beta Scorpii),16.090620,-19.805453,123.9157,-6.75,-24.89,-1.0,2.560,-2.906,B0.5V,-0.065,-55.881427,-102.320756,-41.986040,-0.00000067,0.00000723,-0.00001372,4.21251438265692,-0.34567036986359373,-0.000000032724923437500004,-0.000000120670125,Bet-1,8,Sco,1,78580,,1265.9017493002452,,,
80519,80763,148478,6134,,21Alp Sco,Antares (Alpha Scorpii),16.490128,-26.432002,169.7793,-10.16,-23.21,-3.0,1.060,-5.089,M1Ib + B2.5V,1.865,-58.542602,-140.307591,-75.574766,-0.00000338,0.00001360,-0.00001574,4.317105466000638,-0.4613254705959812,-0.000000049257069944444444,-0.000000112525255,Alp,21,Sco,1,80519,,9453.660459579653,Alp,1.155,0.995
80571,80816,148856,6148,,27Bet Her,Kornephoros (Beta Herculis),16.503668,21.489613,42.6621,-98.43,-14.49,-26.0,2.780,-0.370,G8III,0.947,-15.155861,-36.689058,15.628430,-0.00000979,0.00002963,-0.00001253,4.320650131481575,0.3750645053168575,-0.0000004772021057708333,-0.000000070249502,Bet,27,Her,1,80571,,122.4616199265049,,,
82022,82273,150798,6217,,Alp TrA,Atria (Alpha Trianguli Australis),16.811077,-69.027715,119.7605,17.85,-32.92,-3.0,1.910,-3.482,K2IIb-IIIa,1.447,-13.127447,-40.804561,-111.826781,0.00001567,0.00001486,-0.00000398,4.401129586218367,-1.2047609005058013,0.00000008653924197916668,-0.000000159600663,Alp,,TrA,1,82022,,2151.7905703397573,,,
84086,84345,156014,6406,,64Alp1Her,Rasalgethi (Alpha Herculis),17.244127,14.390333,110.2536,-6.71,32.78,-33.0,2.780,-2.432,M5IIvar,1.164,-20.995512,-104.709944,27.400863,0.00000377,0.00003703,0.00000858,4.514501981353768,0.251158687566835,-0.00000003253099796527778,0.000000158921924,Alp-1,64,Her,1,84086,,818.0879579457477,Alp,2.967,2.567
85410,85670,159181,6536,,23Bet Dra,Rastaban (Beta Draconis),17.507213,52.301387,116.5501,-15.59,11.57,-20.0,2.790,-2.543,G2II,0.954,-9.169333,-70.678899,92.218765,-0.00000646,0.00001867,-0.00001219,4.583377711653538,0.9128314068132425,-0.00000007558245279861111,0.000000056092942,Bet,23,Dra,1,85410,,906.149802231998,,,
85665,85927,158926,6527,,35Lam Sco,Shaula (Lambda Scorpii),17.560145,-37.103821,175.1313,-8.90,-29.95,-3.0,1.620,-4.597,B1.5IV+...,-0.231,-16.048583,-138.749793,-105.649898,-0.00000546,0.00001854,-0.00001843,4.597235152451346,-0.6475838425148488,-0.00000004314841756944444,-0.000000145201697,Lam,35,Sco,1,85665,,6008.9695048348585,Lam,1.656,1.596
85769,86032,159561,6556,Gl 681,55Alp Oph,Rasalhague (Alpha Ophiuchi),17.582241,12.560035,14.8965,110.08,-222.61,12.6,2.080,1.215,A5III,0.155,-1.587067,-14.453242,3.239454,0.00000615,-0.00001685,-0.00001289,4.603020022725371,0.2192139606173275,0.0000005336828995555555,-0.000001079243734,Alp,55,Oph,1,85769,,28.444611074479155,,,
85965,86228,159532,6553,,The Sco,Sargas (Theta Scorpii),17.621980,-42.997824,92.0810,6.06,-0.95,1.0,1.860,-2.961,F1II,0.406,-6.654055,-67.016643,-62.796539,0.00000265,-0.00000072,-0.00000101,4.613423665072454,-0.7504535963001288,0.000000029379709041666665,-0.000000004605729,The,,Sco,1,85965,,1331.6803762699813,,,
86475,86742,161096,6603,,60Bet Oph,Cebalrai (Beta Ophiuchi),17.724543,4.567303,25.0941,-40.67,158.80,-12.0,2.760,0.762,K2III,1.168,-1.802333,-24.949291,1.998237,-0.00000394,0.00001409,0.00001828,4.640274382729916,0.079714471486085,-0.00000019717372388194446,0.000000769884124,Bet,60,Oph,1,86475,,43.171784447092264,,,
87561,87833,164058,6705,,33Gam Dra,Etamin (Gamma Draconis),17.943437,51.488895,47.3037,-8.52,-23.05,-28.0,2.240,-1.134,K5III,1.521,-0.436154,-29.451035,37.014357,-0.00000175,0.00001372,-0.00002570,4.697580791571401,0.8986507441914112,-0.000000041306125583333336,-0.000000111749553,Gam,33,Dra,1,87561,,247.5141318074314,,,
87665,87937,,,Gl 699,,Barnard's Star,17.963472,4.693388,1.8238,-797.84,9999.99,-111.0,9.540,13.235,sdM4,1.570,-0.017373,-1.816613,0.149123,-0.00000591,0.00012040,0.00007888,4.702826031672147,0.08191507873243374,-0.000003868037468944444,0.000050066369421,,,Oph,1,87665,,0.00044258837236262646,V2500,9.59,9.49
88361,88635,165135,6746,,10Gam2Sgr,Nash (Gamma Sagittarii),18.096803,-30.424091,29.7000,-55.75,-181.53,22.0,2.980,0.616,K0III,0.981,0.648969,-25.602281,-15.040072,-0.00000787,-0.00000637,-0.00003393,4.737732034018264,-0.5310005637198976,-0.00000027028362690972226,-0.000000880082274,Gam-2,10,Sgr,1,88361,,49.38556196176077,,,
89653,89931,168454,6859,,19Del Sgr,Kaus Meridionalis (Delta Sagittarii),18.349900,-29.828103,106.6098,29.96,-26.38,-20.0,2.720,-2.419,K3III,1.380,8.460232,-92.098382,-53.027575,0.00001318,0.00002584,-0.00000165,4.803992512939064,-0.5205986100711699,0.00000014525017869444445,-0.000000127893848,Del,19,Sgr,1,89653,,808.3510373900685,,,
89906,90185,169022,6879,,20Eps Sgr,Kaus Australis (Epsilon Sagittarii),18.402868,-34.384616,43.9367,-39.61,-124.05,-15.0,1.790,-1.424,B9.5III,-0.031,3.817188,-36.057831,-24.812975,-0.00001129,0.00002654,-0.00001314,4.817859452696385,-0.6001247623494875,-0.00000019203469886805557,-0.00000060141137,Eps,20,Sgr,1,89906,,323.2957533680941,,,
90217,90496,169916,6913,Gl 713.1,22Lam Sgr,Kaus Borealis (Lambda Sagittarii),18.466179,-25.421700,23.9693,-44.81,-186.29,-43.2,2.820,0.922,K1IIIb,1.025,2.635486,-21.487046,-10.289309,-0.00001116,0.00004820,-0.00000058,4.83443427510616,-0.4436923676447937,-0.00000021724501025694445,-0.000000903159405,Lam,22,Sgr,1,90217,,37.25632384666037,,,
90979,91262,172167,7001,Gl 721,3Alp Lyr,Vega (Alpha Lyrae),18.615640,38.783692,7.6787,201.02,287.46,-12.1,0.030,0.604,A0Vvar,-0.001,0.960565,-5.908009,4.809731,0.00000476,0.00001734,0.00000059,4.873563095509031,0.6769031163973025,0.0000009745724606527778,0.000001393645406,Alp,3,Lyr,1,90979,,49.93441887213498,,,
92133,92420,174638,7106,,10Bet Lyr,Sheliak (Beta Lyrae),18.834665,33.362667,294.9853,1.10,-4.46,-19.0,3.520,-3.829,A8:V comp SB,0.003,53.408840,-240.514817,162.223134,-0.00000122,0.00001276,-0.00001601,4.930903798663317,0.5822883858014625,0.000000005332950486111112,-0.00000002162269,Bet,10,Lyr,1,92133,,2962.1019360527675,Bet,4.259,3.329
92564,92855,175191,7121,,34Sig Sgr,Nunki (Sigma Sagittarii),18.921090,-26.296722,69.8324,13.87,-52.65,-11.0,2.050,-2.170,B2.5V,-0.134,14.950858,-60.794062,-30.937099,0.00000027,0.00001858,-0.00001100,4.953529829382003,-0.4589643844760175,0.00000006724365749305555,-0.000000255254402,Sig,34,Sgr,1,92564,,642.6877173170194,,,
93846,94141,178524,7264,,41Pi  Sgr,Albaldah (Pi Sagittarii),19.162731,-21.023615,156.2500,-1.17,-36.83,-10.0,2.880,-3.089,F2II/III,0.377,43.714239,-139.143552,-56.055078,-0.00000671,0.00001839,-0.00002237,5.016791345367199,-0.3669312993726825,-0.0000000056723200625,-0.000000178556878,Pi,41,Sgr,1,93846,,1498.3042106226599,,,
95648,95947,183912,7417,,6Bet1Cyg,Albireo (Beta Cygni),19.512023,27.959681,133.1558,-7.09,-5.63,-24.0,3.050,-2.572,K3II+...,1.088,45.350466,-108.518380,62.430012,-0.00001193,0.00001667,-0.00001472,5.108235547233712,0.4879884921686625,-0.00000003437328995138889,-0.00000002729501,Bet-1,6,Cyg,1,95648,,930.6791831626532,,,
95992,96295,184738,,,,Campbell's Hydrogen Star,19.579231,30.516371,100000.0000,-4.16,-10.19,-30.4,10.000,-10.000,WC...,-0.013,34611.284098,-78889.844899,50778.453408,-0.00084972,-0.00308271,-0.00427137,5.12583076552782,0.5326111517280024,-0.00000002016824911111111,-0.000000049402514,,,Cyg,1,95992,,870963.5899560815,V1966,10.048,9.938
96970,97278,186791,7525,,50Gam Aql,Tarazed (Gamma Aquilae),19.770994,10.613261,121.0654,15.72,-3.08,-2.0,2.720,-2.695,K3II,1.507,53.215608,-106.431852,22.297682,0.00000750,0.00000563,-0.00000215,5.1760341858612176,0.18523635134271627,0.00000007621271058333333,-0.000000014932261,Gam,50,Aql,1,96970,,1042.3174293933046,,,
97338,97649,187642,7557,Gl 768,53Alp Aql,Altair (Alpha Aquilae),19.846388,8.868322,5.1295,536.82,385.54,-26.1,0.760,2.210,A7IV-V,0.221,2.355468,-4.487300,0.790749,-0.00000112,0.00003087,0.00000536,5.195772105546999,0.15478141706831,0.000002602576799958334,0.000001869150664,Alp,53,Aql,1,97338,,11.376272858234303,Alp,0.803,0.753
97725,98036,188512,7602,Gl 771A,60Bet Aql,Alshain (Beta Aquilae),19.921887,6.406763,13.6986,46.35,-481.32,-40.7,3.710,3.027,G8IVvar,0.855,6.563854,-11.925647,1.528534,-0.00001553,0.00003460,-0.00003641,5.215537811222483,0.11181911582943875,0.00000022471114093750002,-0.000002333505207,Bet,60,Aql,1,97725,Gl 771,5.360434578161428,,,
97987,98298,226868,,,,Cygnus X-1,19.972688,35.201604,595.2381,-3.82,-7.62,-2.7,8.840,-0.033,B0Ib,0.730,240.174990,-422.950898,343.128080,-0.00000444,-0.00001450,-0.00001956,5.228837432951027,0.6143838937504825,-0.00000001851988259722222,-0.000000036942802,,,Cyg,1,97987,,89.78421709097269,V1357,8.883,8.793
100128,100453,194093,7796,,37Gam Cyg,Sadr (Gamma Cygni),20.370473,40.256679,561.7978,2.43,-0.93,-8.0,2.230,-6.518,F8Ib,0.673,249.318228,-348.795593,363.040966,0.00000270,0.00000760,-0.00000722,5.332977255083509,0.7026115975482887,0.000000011780972437500002,-0.000000004508767,Gam,37,Cyg,1,100128,,35253.318119588555,,,
100425,100751,193924,7790,,Alp Pav,Peacock (Alpha Pavonis),20.427459,-56.735090,54.8246,7.71,-86.15,2.0,1.940,-1.755,B2IV,-0.118,17.850262,-24.200974,-45.841245,-0.00000905,0.00001572,-0.00001427,5.347896379067429,-0.9902141215861188,0.00000003737913477083334,-0.000000417666985,Alp,,Pav,1,100425,,438.5306977749856,,,
101767,102098,197345,7924,,50Alp Cyg,Deneb (Alpha Cygni),20.690532,45.280338,432.9004,1.56,1.55,-5.0,1.250,-6.932,A2Ia,0.092,197.250632,-232.113407,307.600832,-0.00000133,0.00000662,-0.00000134,5.416768542177067,0.790290982752855,0.000000007563093416666667,0.000000007514612,Alp,50,Cyg,1,101767,,51617.86054966733,Alp,1.294,1.224
102157,102488,197989,7949,Gl 806.1A,53Eps Cyg,Gienah (Epsilon Cygni),20.770178,33.970256,22.2916,356.16,330.28,-10.9,2.480,0.739,K0III,1.021,12.262597,-13.834612,12.455654,0.00000944,0.00004737,0.00002337,5.43761981873354,0.59289281587296,0.0000017267124046666668,0.000001601242624,Eps,53,Cyg,1,102157,Gl 806.1,44.09608164506378,,,
104751,105090,202560,,Gl 825,,Lacaille 8760,21.287725,-38.867362,3.9462,-3259.00,-1146.99,28.2,6.690,8.709,M1/M2V,1.397,2.330004,-2.003156,-2.476477,-0.00003405,-0.00005295,-0.00003518,5.573113374318819,-0.6783634426887974,-0.000015800077849305555,-0.000005560764434,,,Mic,1,104751,,0.028602236939542804,AX,6.707,6.667
104861,105199,203280,8162,Gl 826,5Alp Cep,Alderamin (Alpha Cephei),21.309630,62.585573,15.0376,149.91,48.27,-11.5,2.450,1.564,A7IV-V,0.257,5.276111,-4.483201,13.348778,0.00000057,0.00001386,-0.00000882,5.578848152361649,1.0923243046711761,0.0000007267841885208333,0.000000234019563,Alp,5,Cep,1,104861,,20.62528697846573,,,
105936,106278,204867,8232,,22Bet Aqr,Sadalsuud (Beta Aquarii),21.525982,-5.571172,164.7446,22.79,-6.70,7.0,2.900,-3.184,G0Ib,0.828,130.759282,-98.929336,-15.993766,0.00001625,0.00001053,-0.00000602,5.635488811779081,-0.097235298222015,0.00000011048903779861111,-0.000000032482516,Bet,22,Aqr,1,105936,,1635.3096517445822,,,
106972,107315,206778,8308,,8Eps Peg,Enif (Epsilon Pegasi),21.736433,9.875011,211.4165,30.02,1.38,5.0,2.380,-4.246,K2Ibvar,1.520,172.769915,-116.330918,36.257820,0.00002116,0.00002284,0.00000227,5.690584775484336,0.17235145954124498,0.00000014554106690277777,0.000000006690428,Eps,8,Peg,1,106972,,4349.106072324538,Eps,2.404,2.364
108728,109074,209750,8414,,34Alp Aqr,Sadalmelik (Alpha Aquarii),22.096399,-0.319851,160.5136,17.90,-9.93,8.0,2.950,-3.078,G2Ib,0.969,140.987693,-76.722268,-0.896054,0.00001381,0.00000834,-0.00000777,5.784823674339427,-0.0055824472424825,0.00000008678164881944445,-0.000000048141998,Alp,34,Aqr,1,108728,,1483.2009671818741,,,
108922,109268,209952,8425,Gl 848.2,Alp Gru,Alnair (Alpha Gruis),22.137209,-46.960975,30.9693,127.60,-147.91,10.9,1.730,-0.725,B7IV,-0.070,18.672505,-9.904001,-22.635193,0.00000136,0.00002096,-0.00002330,5.795507642944743,-0.8196236395192475,0.0000006186222563888889,-0.000000717087914,Alp,,Gru,1,108922,,169.82436524617444,,,
110547,110893,239960,,Gl 860A,,Kruger 60,22.466642,57.695875,4.0010,-870.23,-471.10,-33.3,9.590,11.579,M2V,1.613,1.968033,-0.835470,3.381486,-0.00001624,-0.00001144,-0.00003367,5.881753022801692,1.0069829823740712,-0.000004218994092298611,-0.000002283957249,,,Cep,1,110547,Gl 860,0.002034229743211725,DO,9.628,9.548
111804,112158,215182,8650,,44Eta Peg,Matar (Eta Pegasi),22.716704,30.221245,65.7030,13.11,-26.11,4.0,2.930,-1.158,G2II-III..,0.852,53.599160,-18.717064,33.070991,0.00000867,0.00000140,-0.00000513,5.947219325141893,0.5274602313825538,0.00000006355907352083334,-0.000000126584851,Eta,44,Peg,1,111804,,253.04630494613966,,,
111893,112247,215441,,,,Babcock's star,22.735418,55.589226,100000.0000,4.96,-0.98,0.0,8.830,-11.170,A0p,0.031,53443.383418,-18369.410721,82500.724352,0.00115224,0.00214649,-0.00026848,5.952118392409138,0.9702150174272276,0.000000024046758555555555,-0.000000004751174,,,Lac,1,111893,,2558585.886905648,GL,8.907,8.757
113008,113368,216956,8728,Gl 881,24Alp PsA,Fomalhaut (Alpha Piscis Austrini),22.960838,-29.622236,7.7036,329.22,-164.22,6.1,1.170,1.737,A3V,0.145,6.450517,-1.799476,-3.807757,0.00000561,0.00001120,-0.00000841,6.011133383906492,-0.5170055514089774,0.000001596103599125,-0.000000796161026,Alp,24,PsA,1,113008,,17.587333541355722,,,
113521,113881,217906,8775,,53Bet Peg,Scheat (Beta Pegasi),23.062901,28.082789,60.0962,187.76,137.61,9.0,2.440,-1.454,M2II-IIIvar,1.655,51.433435,-12.877612,28.290136,0.00000286,0.00005567,0.00003970,6.037853304003958,0.49013713158091876,0.000000910286166611111,0.000000667152105,Bet,53,Peg,1,113521,,332.35330357747745,Bet,2.584,2.384
113603,113963,218045,8781,,54Alp Peg,Markab (Alpha Pegasi),23.079348,15.205264,40.8831,61.10,-42.56,-4.0,2.490,-0.568,B9.5III,-0.002,38.311434,-9.417123,10.722722,0.00000121,0.00001217,-0.00000921,6.042159145935139,0.2653819265538575,0.0000002962211588194444,-0.000000206336702,Alp,54,Peg,1,113603,,146.96028989796503,,,
113687,114046,217987,,Gl 887,,Lacaille 9352,23.097531,-35.853073,3.2759,6767.26,1326.66,9.5,7.350,9.773,M2/M3V,1.483,2.581532,-0.621353,-1.918773,0.00004484,0.00009974,0.00001138,6.046919538269939,-0.6257541624947276,0.00003280860227876389,0.000006431829174,,,,1,113687,,0.010734949358052354,,,
118084,7751,10361,487,Gl 66A,,p Eridani,1.663003,-56.194620,8.1466,268.80,25.41,19.5,5.800,6.245,K2 V,0.86,4.110128,1.912046,-6.770100,0.00000634,0.00001466,-0.00001601,0.43537304995866666,-0.9807811326846,0.0000013031791733333335,0.000000123186308,,,,1,118084,Gl 66,0.27669416454115103,,,
26142,26207,36861,1879,,39Lam Ori,Meissa (Lambda Orionis),5.585633,9.934158,336.7003,-1.03,-1.86,34.0,3.390,-4.246,O...,-0.160,35.907504,329.702779,58.086365,0.00000544,0.00003439,0.00000301,1.462315173306167,0.17338377209657752,-0.000000004993580909722223,-0.000000009017534,Lam,39,Ori,1,26142,,4349.106072324538,,,
102287,102618,198001,7950,,2Eps Aqr,Albali (Epsilon Aquarii),20.794598,-9.495776,63.6943,31.89,-35.32,-16.0,3.780,-0.241,A1V,0.000,41.969653,-46.744809,-10.507937,-0.00000466,0.00001993,-0.00000806,5.444012900811973,-0.16573255031667125,0.00000015460708272916668,-0.000000171236191,Eps,2,Aqr,1,102287,,108.74267195462436,,,
110049,110395,212061,8518,Wo 9779,48Gam Aqr,Sadalachbia (Gamma Aquarii),22.360938,-1.387331,50.2008,129.24,8.90,-25.6,3.860,0.356,A0V,-0.057,45.635919,-20.880207,-1.215412,-0.00001067,0.00003947,0.00000280,5.8540797645155065,-0.02421350245135125,0.0000006265732007500001,0.000000043148417,Gam,48,Aqr,1,110049,,62.7480161997852,,,
112776,113136,216627,8709,,76Del Aqr,Skat (Delta Aquarii),22.910837,-15.820820,49.2368,-44.08,-24.81,18.0,3.270,-0.191,A3V,0.066,45.459019,-13.325406,-13.423467,0.00001249,-0.00001462,-0.00001072,5.998043116073634,-0.27612540246989753,-0.0000002137058703888889,-0.000000120282274,Del,76,Aqr,1,112776,,103.8484455008274,,,
111359,111710,214376,8610,,63Kap Aqr,Situla (Kappa Aquarii),22.629273,-4.228056,65.5738,-68.36,-120.47,8.0,5.040,0.956,K2III,1.140,61.229681,-22.967064,-4.834534,-0.00000264,-0.00002222,-0.00003879,5.92432968808697,-0.0737934924816,-0.0000003314186320277778,-0.00000058405504,Kap,63,Aqr,1,111359,,36.10771451003529,,,